#     Radial coefficients Phi_{h} of D_{h} in the harmonic 
#     expansion of the Coulomb potential divided by r^{\ell}
#     Phi(1) is from \int_{0}^{r} {r\Pr^{\ell} \over r^{\ell+1}} ...
#     Phi(2) is from \int_{r}^{S} {r^{\ell} \over r\Pr^{\ell+1}} ...
#     Phi(out) is from V_{ext}(S)
# type = 0
# h = 0 (l = 0)
@ type xy
 0  235.836083414652  .000001473758371  233.443626814331  2.39245512656341
 1  235.836083376923  .000001548276120  233.443626702084  2.39245512656341
 2  235.836083337045  .000001626533900  233.443626583948  2.39245512656341
 3  235.836083295524  .000001708720093  233.443626460241  2.39245512656341
 4  235.836083251716  .000001795032551  233.443626330120  2.39245512656341
 5  235.836083205722  .000001885679074  233.443626193479  2.39245512656341
 6  235.836083157404  .000001980877910  233.443626049962  2.39245512656341
 7  235.836083106646  .000002080858280  233.443625899224  2.39245512656341
 8  235.836083053330  .000002185860933  233.443625740906  2.39245512656341
 9  235.836082997355  .000002296138719  233.443625574653  2.39245512656341
 10  235.836082938315  .000002411957207  233.443625399795  2.39245512656341
 11  235.836082876670  .000002533595318  233.443625216511  2.39245512656341
 12  235.836082811725  .000002661345999  233.443625023816  2.39245512656341
 13  235.836082743534  .000002795516927  233.443624821454  2.39245512656341
 14  235.836082671903  .000002936431255  233.443624608908  2.39245512656341
 15  235.836082596661  .000003084428384  233.443624385669  2.39245512656341
 16  235.836082517631  .000003239864782  233.443624151203  2.39245512656341
 17  235.836082434649  .000003403114847  233.443623904971  2.39245512656341
 18  235.836082347245  .000003574571801  233.443623646110  2.39245512656341
 19  235.836082255809  .000003754648646  233.443623374597  2.39245512656341
&
# h = 1 (l = 4)
@ type xy
 0  .108938205261190  .000000000000000  .000000000000000  .108938205261190
 1  .108938205261190  .000000000000000  .000000000000000  .108938205261190
 2  .108938205261190  .000000000000000  .000000000000000  .108938205261190
 3  .108938205261190  .000000000000000  .000000000000000  .108938205261190
 4  .108938205261190  .000000000000000  .000000000000000  .108938205261190
 5  .108938205261190  .000000000000000  .000000000000000  .108938205261190
 6  .108938205261190  .000000000000000  .000000000000000  .108938205261190
 7  .108938205261190  .000000000000000  .000000000000000  .108938205261190
 8  .108938205261190  .000000000000000  .000000000000000  .108938205261190
 9  .108938205261190  .000000000000000  .000000000000000  .108938205261190
 10  .108938205261190  .000000000000000  .000000000000000  .108938205261190
 11  .108938205261190  .000000000000000  .000000000000000  .108938205261190
 12  .108938205261190  .000000000000000  .000000000000000  .108938205261190
 13  .108938205261190  .000000000000000  .000000000000000  .108938205261190
 14  .108938205261190  .000000000000000  .000000000000000  .108938205261190
 15  .108938205261190  .000000000000000  .000000000000000  .108938205261190
 16  .108938205261190  .000000000000000  .000000000000000  .108938205261190
 17  .108938205261190  .000000000000000  .000000000000000  .108938205261190
 18  .108938205261190  .000000000000000  .000000000000000  .108938205261190
 19  .108938205261190  .000000000000000  .000000000000000  .108938205261190
&
# h = 2 (l = 6)
@ type xy
 0 -.074905425833878  .000000000000000  .000000000000000 -.074905425833878
 1 -.074905425833878  .000000000000000  .000000000000000 -.074905425833878
 2 -.074905425833878  .000000000000000  .000000000000000 -.074905425833878
 3 -.074905425833878  .000000000000000  .000000000000000 -.074905425833878
 4 -.074905425833878  .000000000000000  .000000000000000 -.074905425833878
 5 -.074905425833878  .000000000000000  .000000000000000 -.074905425833878
 6 -.074905425833878  .000000000000000  .000000000000000 -.074905425833878
 7 -.074905425833878  .000000000000000  .000000000000000 -.074905425833878
 8 -.074905425833878  .000000000000000  .000000000000000 -.074905425833878
 9 -.074905425833878  .000000000000000  .000000000000000 -.074905425833878
 10 -.074905425833878  .000000000000000  .000000000000000 -.074905425833878
 11 -.074905425833878  .000000000000000  .000000000000000 -.074905425833878
 12 -.074905425833878  .000000000000000  .000000000000000 -.074905425833878
 13 -.074905425833878  .000000000000000  .000000000000000 -.074905425833878
 14 -.074905425833878  .000000000000000  .000000000000000 -.074905425833878
 15 -.074905425833878  .000000000000000  .000000000000000 -.074905425833878
 16 -.074905425833878  .000000000000000  .000000000000000 -.074905425833878
 17 -.074905425833878  .000000000000000  .000000000000000 -.074905425833878
 18 -.074905425833878  .000000000000000  .000000000000000 -.074905425833878
 19 -.074905425833878  .000000000000000  .000000000000000 -.074905425833878
&
# h = 3 (l = 8)
@ type xy
 0 -.010481537647112  .000000000000000  .000000000000000 -.010481537647112
 1 -.010481537647112  .000000000000000  .000000000000000 -.010481537647112
 2 -.010481537647112  .000000000000000  .000000000000000 -.010481537647112
 3 -.010481537647112  .000000000000000  .000000000000000 -.010481537647112
 4 -.010481537647112  .000000000000000  .000000000000000 -.010481537647112
 5 -.010481537647112  .000000000000000  .000000000000000 -.010481537647112
 6 -.010481537647112  .000000000000000  .000000000000000 -.010481537647112
 7 -.010481537647112  .000000000000000  .000000000000000 -.010481537647112
 8 -.010481537647112  .000000000000000  .000000000000000 -.010481537647112
 9 -.010481537647112  .000000000000000  .000000000000000 -.010481537647112
 10 -.010481537647112  .000000000000000  .000000000000000 -.010481537647112
 11 -.010481537647112  .000000000000000  .000000000000000 -.010481537647112
 12 -.010481537647112  .000000000000000  .000000000000000 -.010481537647112
 13 -.010481537647112  .000000000000000  .000000000000000 -.010481537647112
 14 -.010481537647112  .000000000000000  .000000000000000 -.010481537647112
 15 -.010481537647112  .000000000000000  .000000000000000 -.010481537647112
 16 -.010481537647112  .000000000000000  .000000000000000 -.010481537647112
 17 -.010481537647112  .000000000000000  .000000000000000 -.010481537647112
 18 -.010481537647112  .000000000000000  .000000000000000 -.010481537647112
 19 -.010481537647112  .000000000000000  .000000000000000 -.010481537647112
&
