 energy and charge average matrices
  type  L       (e_i|H|e_j)                    (e_i|e_j)       
     0  0  .053885116  .007432118        .136711868  .020240137
           .007432118 -5.50453907        .020240137  1.00277920
     0  1  .056250638  .019381689        .099899283  .036426105
           .019381689 -9.10577793        .036426105  3.00364228
     0  2  1.00599967  .073098803        1.67088221  .118787386
           .073098803  .005527435        .118787386  .017486670
     0  3  .002991766  .000305253        .004973765  .000399485
           .000305253  .000289771        .000399485  .001371124
     0  4  .000675835  .000025941        .001157122 -.000021472
           .000025941 -.000123633       -.000021472  .000284708
     0  5  .000203298 -.000017232        .000337550 -.000045648
          -.000017232 -.000071921       -.000045648  .000072508
     0  6  .000047738 -.000002288        .000084719 -.000010986
          -.000002288 -.000028959       -.000010986  .000019057
     0  7  .000013948 -.000000798        .000023471 -.000002914
          -.000000798 -.000009308       -.000002914  .000005266
     0  8  .000003499 -.000000438        .000006039 -.000000996
          -.000000438 -.000002522       -.000000996  .000001666
