 ( 4i3 )
  1  8  1  2 npan, lm, ntype, spins
 ( 2i3 )
  3  2    ntls, nsets
 ( 3e22.14 )
 -0.56947942430117E+01 -0.56941061970472E+01 -0.56934181510828E+01
 ( 3e22.14 )
  0.39322399484865E+00  0.56236030399267E+00  0.60371383639780E+00
  0.61969147553555E+00  0.63908148968595E+00  0.66664817003783E+00
  0.65889597286641E+00  0.67573771311866E+00  0.62795612411208E+00
  0.35149555094611E+00  0.48757577327198E+00  0.56820272667782E+00
  0.56593186215149E+00  0.58748923081535E+00  0.61222710240280E+00
  0.61286486131956E+00  0.61262819510077E+00  0.59505690707015E+00
 -0.52883738252615E+01 -0.29498482304760E+01  0.35301198012463E+00
  0.27315791251068E+00 -0.41049134532379E+00 -0.13841120586778E+01
 -0.19837170682463E+01 -0.22867662492682E+01 -0.21956128103087E+01
 -0.54780532797255E+01 -0.31373513636445E+01  0.22673600695745E+00
  0.18103791040393E+00 -0.43719636358526E+00 -0.12816195012656E+01
 -0.18400824501497E+01 -0.23200790438806E+01 -0.19845022653621E+01
