 (2i8)
      24       2
 (i8, f12.7, f18.14, i8)
     539   2.2313925  0.02500000000000       4
 (2i12)
         538           1             scalar potential, harmonic  1
 (3e22.14)
  0.60831203416661E-03  0.62376348235524E-03  0.63960739136747E-03
  0.65585372935770E-03  0.67251271766846E-03  0.68959483725915E-03
  0.70711083528816E-03  0.72507173187843E-03  0.74348882708208E-03
  0.76237370797352E-03  0.78173825593555E-03  0.80159465413467E-03
  0.82195539519035E-03  0.84283328903376E-03  0.86424147096918E-03
  0.88619340993901E-03  0.90870291699959E-03  0.93178415401042E-03
  0.95545164255168E-03  0.97972027305175E-03  0.10046053141680E-02
  0.10301224223891E-02  0.10562876518902E-02  0.10831174646356E-02
  0.11106287407368E-02  0.11388387890755E-02  0.11677653582042E-02
  0.11974266475019E-02  0.12278413186404E-02  0.12590285073226E-02
  0.12910078353292E-02  0.13237994228657E-02  0.13574239012266E-02
  0.13919024257790E-02  0.14272566892858E-02  0.14635089355464E-02
  0.15006819734068E-02  0.15387991911141E-02  0.15778845710388E-02
  0.16179627047690E-02  0.16590588085906E-02  0.17011987393615E-02
  0.17444090107906E-02  0.17887168101217E-02  0.18341500152536E-02
  0.18807372122911E-02  0.19285077135388E-02  0.19774915759564E-02
  0.20277196200808E-02  0.20792234494297E-02  0.21320354704086E-02
  0.21861889126976E-02  0.22417178501913E-02  0.22986572224447E-02
  0.23570428566748E-02  0.24169114903239E-02  0.24783007941917E-02
  0.25412493961547E-02  0.26057969055075E-02  0.26719839378797E-02
  0.27398521408432E-02  0.28094442201276E-02  0.28808039665218E-02
  0.29539762834557E-02  0.30290072152853E-02  0.31059439762891E-02
  0.31848349804292E-02  0.32657298718212E-02  0.33486795560351E-02
  0.34337362321492E-02  0.35209534256465E-02  0.36103860221346E-02
  0.37020903019309E-02  0.37961239755169E-02  0.38925462199300E-02
  0.39914177160148E-02  0.40928006866985E-02  0.41967589361931E-02
  0.43033578902094E-02  0.44126646371960E-02  0.45247479706268E-02
  0.46396784323620E-02  0.47575283571425E-02  0.48783719181488E-02
  0.50022851738047E-02  0.51293461157168E-02  0.52596347178537E-02
  0.53932329869827E-02  0.55302250143791E-02  0.56706970288613E-02
  0.58147374512040E-02  0.59624369498552E-02  0.61138884981865E-02
  0.62691874331196E-02  0.64284315152808E-02  0.65917209906835E-02
  0.67591586539843E-02  0.69308499133433E-02  0.71069028569915E-02
  0.72874283213746E-02  0.74725399611890E-02  0.76623543210919E-02
  0.78569909092902E-02  0.80565722729964E-02  0.82612240758127E-02
  0.84710751770748E-02  0.86862577132899E-02  0.89069071815116E-02
  0.91331625250188E-02  0.93651662210520E-02  0.96030643708512E-02
  0.98470067919799E-02  0.10097147113001E-01  0.10353642870599E-01
  0.10616655609168E-01  0.10886350982890E-01  0.11162898860551E-01
  0.11446473432922E-01  0.11737253322953E-01  0.12035421698744E-01
  0.12341166389415E-01  0.12654680003972E-01  0.12976160053242E-01
  0.13305809074735E-01  0.13643834761022E-01  0.13990450091133E-01
  0.14345873465423E-01  0.14710328843921E-01  0.15084045888164E-01
  0.15467260106678E-01  0.15860213004314E-01  0.16263152235104E-01
  0.16676331759420E-01  0.17100012004894E-01  0.17534460031565E-01
  0.17979949701253E-01  0.18436761851298E-01  0.18905184472699E-01
  0.19385512892996E-01  0.19878049963504E-01  0.20383106251771E-01
  0.20901000238745E-01  0.21432058520991E-01  0.21976616018272E-01
  0.22535016186249E-01  0.23107611234864E-01  0.23694762352311E-01
  0.24296839934479E-01  0.24914223820781E-01  0.25547303535711E-01
  0.26196478536710E-01  0.26862158468478E-01  0.27544763423779E-01
  0.28244724210948E-01  0.28962482628506E-01  0.29698491746418E-01
  0.30453216195142E-01  0.31227132461749E-01  0.32020729193890E-01
  0.32834507511487E-01  0.33668981326609E-01  0.34524677671457E-01
  0.35402137035145E-01  0.36301913708595E-01  0.37224576139062E-01
  0.38170707293385E-01  0.39140905030731E-01  0.40135782485052E-01
  0.41155968457432E-01  0.42202107818507E-01  0.43274861921667E-01
  0.44374909026254E-01  0.45502944732600E-01  0.46659682427765E-01
  0.47845853743046E-01  0.49062209023365E-01  0.50309517808824E-01
  0.51588569328689E-01  0.52900173008648E-01  0.54245158990309E-01
  0.55624378665394E-01  0.57038705222937E-01  0.58489034211114E-01
  0.59976284113632E-01  0.61501396941075E-01  0.63065338837606E-01
  0.64669100703982E-01  0.66313698835607E-01  0.68000175578719E-01
  0.69729600002571E-01  0.71503068589599E-01  0.73321705943538E-01
  0.75186665515948E-01  0.77099130351647E-01  0.79060313854113E-01
  0.81071460569602E-01  0.83133846993362E-01  0.85248782395649E-01
  0.87417609669889E-01  0.89641706202762E-01  0.91922484767131E-01
  0.94261394438044E-01  0.96659921533382E-01  0.99119590577546E-01
  0.10164196529214E+00  0.10422864961111E+00  0.10688128872311E+00
  0.10960157014063E+00  0.11239122479739E+00  0.11525202817357E+00
  0.11818580145217E+00  0.12119441270265E+00  0.12427977809800E+00
  0.12744386316221E+00  0.13068868405022E+00  0.13401630886139E+00
  0.13742885898720E+00  0.14092851049298E+00  0.14451749553762E+00
  0.14819810382635E+00  0.15197268410542E+00  0.15584364569171E+00
  0.15981346004450E+00  0.16388466237562E+00  0.16805985330264E+00
  0.17234170054306E+00  0.17673294065394E+00  0.18123638081295E+00
  0.18585490064823E+00  0.19059145411247E+00  0.19544907140601E+00
  0.20043086094742E+00  0.20554001139518E+00  0.21077979371938E+00
  0.21615356332640E+00  0.22166476223507E+00  0.22731692130910E+00
  0.23311366254435E+00  0.23905870141208E+00  0.24515584926027E+00
  0.25140901577482E+00  0.25782221149935E+00  0.26439955041812E+00
  0.27114525259830E+00  0.27806364689977E+00  0.28515917374624E+00
  0.29243638796391E+00  0.29989996168654E+00  0.30755468732818E+00
  0.31540548062485E+00  0.32345738374823E+00  0.33171556848517E+00
  0.34018533949578E+00  0.34887213763907E+00  0.35778154337433E+00
  0.36691928023734E+00  0.37629121838950E+00  0.38590337824460E+00
  0.39576193417249E+00  0.40587321827460E+00  0.41624372424344E+00
  0.42688011129330E+00  0.43778920817179E+00  0.44897801724671E+00
  0.46045371867140E+00  0.47222367462471E+00  0.48429543363192E+00
  0.49667673495262E+00  0.50937551305334E+00  0.52239990214589E+00
  0.53575824080175E+00  0.54945907663584E+00  0.56351117105875E+00
  0.57792350409516E+00  0.59270527927053E+00  0.60786592854894E+00
  0.62341511734157E+00  0.63936274956068E+00  0.65571897272814E+00
  0.67249418312935E+00  0.68969903100926E+00  0.70734442580329E+00
  0.72544154140395E+00  0.74400182144130E+00  0.76303698459440E+00
  0.78255902990313E+00  0.80258024208634E+00  0.82311319685385E+00
  0.84417076620185E+00  0.86576612368274E+00  0.88791274964506E+00
  0.91062443641222E+00  0.93391529341965E+00  0.95779975226679E+00
  0.98229257168907E+00  0.10074088424295E+01  0.10331639919907E+01
  0.10595737892652E+01  0.10866543490075E+01  0.11144221361402E+01
  0.11428939698849E+01  0.11720870276820E+01  0.12020188488838E+01
  0.12327073382045E+01  0.12641707689094E+01  0.12964277856955E+01
  0.13294974072854E+01  0.13633990286515E+01  0.13981524229024E+01
  0.14337777427716E+01  0.14702955216900E+01  0.15077266744224E+01
  0.15460924972345E+01  0.15854146675654E+01  0.16257152431942E+01
  0.16670166608298E+01  0.17093417341611E+01  0.17527136512900E+01
  0.17971559715476E+01  0.18426926216606E+01  0.18893478912494E+01
  0.19371464276381E+01  0.19861132299592E+01  0.20362736425050E+01
  0.20876533473809E+01  0.21402783563662E+01  0.21941750020367E+01
  0.22493699281086E+01  0.23058900790233E+01  0.23637626887599E+01
  0.24230152689081E+01  0.24836755959773E+01  0.25457716980138E+01
  0.26093318405017E+01  0.26743845116225E+01  0.27409584068853E+01
  0.28090824131890E+01  0.28787855923793E+01  0.29500971643666E+01
  0.30230464898410E+01  0.30976630527482E+01  0.31739764425367E+01
  0.32520163363337E+01  0.33318124811421E+01  0.34133946761833E+01
  0.34967927555174E+01  0.35820365711049E+01  0.36691559763887E+01
  0.37581808106640E+01  0.38491408842929E+01  0.39420659649918E+01
  0.40369857653468E+01  0.41339299317278E+01  0.42329280347695E+01
  0.43340095616262E+01  0.44372039100505E+01  0.45425403846235E+01
  0.46500481950975E+01  0.47597564570815E+01  0.48716941951117E+01
  0.49858903481953E+01  0.51023737778222E+01  0.52211732785076E+01
  0.53423175906512E+01  0.54658354157980E+01  0.55917554339259E+01
  0.57201063226092E+01  0.58509167776899E+01  0.59842155350145E+01
  0.61200313927076E+01  0.62583932334088E+01  0.63993300455459E+01
  0.65428709430397E+01  0.66890451821884E+01  0.68378821747631E+01
  0.69894114959939E+01  0.71436628861027E+01  0.73006662438364E+01
  0.74604516105135E+01  0.76230491426849E+01  0.77884890719803E+01
  0.79568016501001E+01  0.81280170774269E+01  0.83021654135580E+01
  0.84792764683674E+01  0.86593796724136E+01  0.88425039260402E+01
  0.90286774267074E+01  0.92179274753790E+01  0.94102802629550E+01
  0.96057606393057E+01  0.98043918684374E+01  0.10006195374785E+02
  0.10211190487132E+02  0.10419394188520E+02  0.10630820881611E+02
  0.10845482181416E+02  0.11063386747708E+02  0.11284540170777E+02
  0.11508944924393E+02  0.11736600398694E+02  0.11967503024214E+02
  0.12201646494692E+02  0.12439022091382E+02  0.12679619106030E+02
  0.12923425351152E+02  0.13170427739127E+02  0.13420612902471E+02
  0.13673967820482E+02  0.13930480411520E+02  0.14190140047030E+02
  0.14452937943349E+02  0.14718867392014E+02  0.14987923796640E+02
  0.15260104495738E+02  0.15535408364572E+02  0.15813835203258E+02
  0.16095384932733E+02  0.16380056632537E+02  0.16667847463503E+02
  0.16958751525733E+02  0.17252758703614E+02  0.17549853550043E+02
  0.17850014257692E+02  0.18153211760205E+02  0.18459408998410E+02
  0.18768560379963E+02  0.19080611451607E+02  0.19395498797650E+02
  0.19713150169345E+02  0.20033484845178E+02  0.20356414215700E+02
  0.20681842582058E+02  0.21009668152633E+02  0.21339784218950E+02
  0.21672080487020E+02  0.22006444539004E+02  0.22342763394361E+02
  0.22680925138335E+02  0.23020820581619E+02  0.23362344912382E+02
  0.23705399298809E+02  0.24049892398333E+02  0.24395741725818E+02
  0.24742874833826E+02  0.25091230253577E+02  0.25440758147123E+02
  0.25791420620173E+02  0.26143191647146E+02  0.26496056563033E+02
  0.26850011082175E+02  0.27205059810799E+02  0.27561214234193E+02
  0.27918490172230E+02  0.28276904721281E+02  0.28636472728164E+02
  0.28997202879785E+02  0.29359093539243E+02  0.29722128517242E+02
  0.30086273031772E+02  0.30451470183384E+02  0.30817638335660E+02
  0.31184669841920E+02  0.31552431566337E+02  0.31920767591658E+02
  0.32289504358274E+02  0.32658458225171E+02  0.33027445083994E+02
  0.33396291244594E+02  0.33764844409202E+02  0.34132983292406E+02
  0.34500624419326E+02  0.34867724914140E+02  0.35234280647847E+02
  0.35600319831823E+02  0.35965892842461E+02  0.36331059583397E+02
  0.36695875913168E+02  0.37060380602695E+02  0.37424583992569E+02
  0.37788459117286E+02  0.38151935654797E+02  0.38514896719131E+02
  0.38877178269595E+02  0.39238570775016E+02  0.39598822704552E+02
  0.39957645419715E+02  0.40314719069934E+02  0.40669699141632E+02
  0.41022223361195E+02  0.41371918702362E+02  0.41718408287051E+02
  0.42061318014103E+02  0.42400282771939E+02  0.42734952126055E+02
  0.43064995390973E+02  0.43390106018597E+02  0.43710005252545E+02
  0.44024445017192E+02  0.44333210020367E+02  0.44636119073297E+02
  0.44933025633395E+02  0.45223817597650E+02  0.45508416380590E+02
  0.45786775323443E+02  0.46058877489274E+02  0.46324732909694E+02
  0.46584375348999E+02  0.46837858670357E+02  0.47085252880240E+02
  0.47326639944027E+02  0.47562109465560E+02  0.47791754331893E+02
  0.48015666429301E+02  0.48233932547660E+02  0.48446630587909E+02
  0.48653826208605E+02  0.48855570031737E+02  0.49051895537879E+02
  0.49242817757951E+02  0.49428332840724E+02  0.49608418522871E+02
  0.49783035458452E+02  0.49952129258348E+02  0.50115632999312E+02
  0.50273469828678E+02  0.50425555214862E+02  0.50571798327801E+02
  0.50712102031984E+02  0.50846361021917E+02  0.50974457728439E+02
  0.51096255722762E+02  0.51211590470165E+02  0.51320257320971E+02
  0.51421996653531E+02  0.51516476015031E+02  0.51603268997230E+02
  0.51681830424768E+02
 (2i12)
         370         169             scalar potential, harmonic  2
 (3e22.14)
  0.24947056729401E-15  0.27213711739521E-15  0.29444042663713E-15
  0.32063510739924E-15  0.35037124175777E-15  0.38129812550039E-15
  0.41965512230574E-15  0.45587346906212E-15  0.49954682258418E-15
  0.54323214185393E-15  0.59415499514960E-15  0.65080140571928E-15
  0.71173558568056E-15  0.77697234657362E-15  0.85055279042085E-15
  0.93147864946662E-15  0.10203818558481E-14  0.11183222725085E-14
  0.12229558656013E-14  0.13417891513864E-14  0.14663324773715E-14
  0.16068950429762E-14  0.17578746878935E-14  0.19305880430106E-14
  0.21140953462338E-14  0.23120395696411E-14  0.25381833277993E-14
  0.27696159668403E-14  0.30377509330065E-14  0.33231900154337E-14
  0.36483234783004E-14  0.39933322170723E-14  0.43638654770850E-14
  0.47785482815224E-14  0.52280873266804E-14  0.57124440198982E-14
  0.62489113670955E-14  0.68347071125356E-14  0.74743368790025E-14
  0.81791588690541E-14  0.89384659521194E-14  0.97636498286323E-14
  0.10665752562189E-13  0.11647057319054E-13  0.12712669931628E-13
  0.13880253223396E-13  0.15155234027078E-13  0.16520462773126E-13
  0.18016448312462E-13  0.19643984224236E-13  0.21413506845844E-13
  0.23327235546554E-13  0.25404845755104E-13  0.27667039090384E-13
  0.30108574247467E-13  0.32760902823227E-13  0.35626813334656E-13
  0.38729048081588E-13  0.42086072638710E-13  0.45724871682106E-13
  0.49637427676350E-13  0.53869347121609E-13  0.58430286262582E-13
  0.63355542468832E-13  0.68660221288531E-13  0.74349845246887E-13
  0.80494004022051E-13  0.87074748744339E-13  0.94138694804086E-13
  0.10172081730439E-12  0.10984564925543E-12  0.11852690244305E-12
  0.12780812168705E-12  0.13769346334601E-12  0.14823875491724E-12
  0.15946012749065E-12  0.17136812832302E-12  0.18399618438669E-12
  0.19734951162353E-12  0.21145199441060E-12  0.22629858812740E-12
  0.24189477450810E-12  0.25822645107879E-12  0.27526859448054E-12
  0.29298991200982E-12  0.31134679070423E-12  0.33024257157926E-12
  0.34962203148868E-12  0.36932752993449E-12  0.38924070711561E-12
  0.40913464475176E-12  0.42880129180683E-12  0.44795875423126E-12
  0.46625907028991E-12  0.48328925448250E-12  0.49857859645260E-12
  0.51152033304507E-12  0.52144925690535E-12  0.52752904203125E-12
  0.52882083147974E-12  0.52419756924741E-12  0.51234307909695E-12
  0.49171929734518E-12  0.46059767980896E-12  0.41687289189868E-12
  0.35816163107696E-12  0.28169768981352E-12  0.18430318151447E-12
  0.62250199326944E-13 -0.88713609486895E-13 -0.27351678241138E-12
 -0.49776756458101E-12 -0.76799964216480E-12 -0.10916164073960E-11
 -0.14772136708515E-11 -0.19346009353124E-11 -0.24750328537645E-11
 -0.31113314594981E-11 -0.38582537908008E-11 -0.47326009414915E-11
 -0.57536676467641E-11 -0.69433662603914E-11 -0.83268649771412E-11
 -0.99327224321231E-11 -0.11793607332140E-10 -0.13946763296654E-10
 -0.16434645616187E-10 -0.19305522728386E-10 -0.22614526335564E-10
 -0.26424199222689E-10 -0.30805991445026E-10 -0.35840927953765E-10
 -0.41621339582859E-10 -0.48252072200679E-10 -0.55852406887582E-10
 -0.64557845557596E-10 -0.74522300870690E-10 -0.85920764326554E-10
 -0.98951537710174E-10 -0.11384027458080E-09 -0.13084262306944E-09
 -0.15024908438810E-09 -0.17238896315942E-09 -0.19763583314516E-09
 -0.22641353652396E-09 -0.25920256122186E-09 -0.29654745546497E-09
 -0.33906569405973E-09 -0.38745681879566E-09 -0.44251379637946E-09
 -0.50513440087845E-09 -0.57633598553668E-09 -0.65727033316119E-09
 -0.74924182985349E-09 -0.85372688633001E-09 -0.97239688666053E-09
 -0.11071430473696E-08 -0.12601053743558E-08 -0.14337050415445E-08
 -0.16306802343073E-08 -0.18541279482032E-08 -0.21075497399275E-08
 -0.23949043676336E-08 -0.27206662997427E-08 -0.30898918523478E-08
 -0.35082945250991E-08 -0.39823281785117E-08 -0.45192821013842E-08
 -0.51273875705537E-08 -0.58159373806028E-08 -0.65954203097957E-08
 -0.74776731735970E-08 -0.84760500798697E-08 -0.96056142078670E-08
 -0.10883351953257E-07 -0.12328413287365E-07 -0.13962382908504E-07
 -0.15809581664268E-07 -0.17897406650445E-07 -0.20256710877540E-07
 -0.22922228676377E-07 -0.25933051661426E-07 -0.29333159856844E-07
 -0.33172016404599E-07 -0.37505231339834E-07 -0.42395300120735E-07
 -0.47912429684154E-07 -0.54135456323405E-07 -0.61152867177247E-07
 -0.69063936568755E-07 -0.77979986429433E-07 -0.88025786190127E-07
 -0.99341100675022E-07 -0.11208240665873E-06 -0.12642478583831E-06
 -0.14256401647966E-06 -0.16071887582942E-06 -0.18113367395913E-06
 -0.20408103599510E-06 -0.22986495016703E-06 -0.25882410480786E-06
 -0.29133552795669E-06 -0.32781855441251E-06 -0.36873913533312E-06
 -0.41461450929365E-06 -0.46601825531716E-06 -0.52358573737711E-06
 -0.58801996378813E-06 -0.66009786631063E-06 -0.74067701636449E-06
 -0.83070278594723E-06 -0.93121596609304E-06 -0.10433608521933E-05
 -0.11683938118452E-05 -0.13076923608195E-05 -0.14627647770374E-05
 -0.16352603130264E-05 -0.18269800831558E-05 -0.20398887615261E-05
 -0.22761272647735E-05 -0.25380266915106E-05 -0.28281238846562E-05
 -0.31491791183796E-05 -0.35041965828463E-05 -0.38964485402525E-05
 -0.43295042705585E-05 -0.48072651951909E-05 -0.53340078704740E-05
 -0.59144368408246E-05 -0.65537496318256E-05 -0.72577163972720E-05
 -0.80327768592349E-05 -0.88861571556633E-05 -0.98260089793505E-05
 -0.10861572873901E-04 -0.12003366764217E-04 -0.13263399669031E-04
 -0.14655409166355E-04 -0.16195119610766E-04 -0.17900516487710E-04
 -0.19792130821690E-04 -0.21893326437976E-04 -0.24230582275289E-04
 -0.26833762027491E-04 -0.29736364140558E-04 -0.32975746555188E-04
 -0.36593322341475E-04 -0.40634724248994E-04 -0.45149937836913E-04
 -0.50193403990880E-04 -0.55824092026113E-04 -0.62105544081038E-04
 -0.69105890180806E-04 -0.76897831221945E-04 -0.85558584413811E-04
 -0.95169782570929E-04 -0.10581731524237E-03 -0.11759109613176E-03
 -0.13058473767675E-03 -0.14489510999205E-03 -0.16062175767783E-03
 -0.17786614409549E-03 -0.19673068861306E-03 -0.21731755787561E-03
 -0.23972716729904E-03 -0.26405634363496E-03 -0.29039609358422E-03
 -0.31882891699025E-03 -0.34942559620554E-03 -0.38224138583591E-03
 -0.41731151946559E-03 -0.45464594245553E-03 -0.49422317300946E-03
 -0.53598318829149E-03 -0.57981922960024E-03 -0.62556842243780E-03
 -0.67300111636878E-03 -0.72180886982736E-03 -0.77159104211893E-03
 -0.82184001670314E-03 -0.87192517742006E-03 -0.92107590772314E-03
 -0.96836410208956E-03 -0.10126869945085E-02 -0.10527515529310E-02
 -0.10870622973219E-02 -0.11139152090146E-02 -0.11314014375757E-02
 -0.11374257764583E-02 -0.11297463074569E-02 -0.11060430311527E-02
 -0.10640243506874E-02 -0.10015803462115E-02 -0.91698994455990E-03
 -0.80918416017515E-03 -0.67805833411254E-03 -0.52481202869380E-03
 -0.35227669356411E-03 -0.16517168718998E-03  0.29784820400302E-04
  0.22398327582915E-03  0.40729901050342E-03  0.56874043234350E-03
  0.69730835843855E-03  0.78294462454845E-03  0.81741339649966E-03
  0.79496662154458E-03  0.71269523159680E-03  0.57054183233037E-03
  0.37102211811390E-03  0.11874933227669E-03 -0.18012973358091E-03
 -0.51849245520910E-03 -0.88872634387775E-03 -0.12831099544956E-02
 -0.16940819095922E-02 -0.21144085964579E-02 -0.25372697153397E-02
 -0.29562829391168E-02 -0.33654870778440E-02 -0.37592994545246E-02
 -0.41324591158350E-02 -0.44799638027418E-02 -0.47970056161591E-02
 -0.50789080786433E-02 -0.53210657286053E-02 -0.55188863501386E-02
 -0.56677353035653E-02 -0.57628810589289E-02 -0.57994408575732E-02
 -0.57723253654388E-02 -0.56761811912478E-02 -0.55053301880906E-02
 -0.52537045180816E-02 -0.49147765177582E-02 -0.44814824447688E-02
 -0.39461391946963E-02 -0.33003530328173E-02 -0.25349192537816E-02
 -0.16397114205463E-02 -0.60355837252244E-03  0.58589355948949E-03
  0.19423368649771E-02  0.34809831724632E-02  0.52187755722593E-02
  0.71746444180542E-02  0.93698226891864E-02  0.11828242773096E-01
  0.14577043285707E-01  0.17647221700053E-01  0.21074474947128E-01
  0.24900273991148E-01  0.29173217338364E-01  0.33950700142198E-01
  0.39300918595478E-01  0.45305204522716E-01  0.52060656957596E-01
  0.59683014442527E-01  0.68309704664316E-01  0.78103026568281E-01
  0.89253468106359E-01  0.10198323486355E+00  0.11655014673078E+00
  0.13325213337852E+00  0.15243260964640E+00  0.17448703338137E+00
  0.19987094509178E+00  0.22910977219029E+00  0.26281066232354E+00
  0.30167659785462E+00
 (2i12)
         310         229             scalar potential, harmonic  3
 (3e22.14)
 -0.19997207708854E-15 -0.23291687739151E-15 -0.24145444405212E-15
 -0.25177083419662E-15 -0.25521518512842E-15 -0.26023466641220E-15
 -0.26438721491388E-15 -0.26617870656524E-15 -0.27706608517736E-15
 -0.28209898090015E-15 -0.28930550002606E-15 -0.29891920333671E-15
 -0.30707056737863E-15 -0.31202903089758E-15 -0.32300554888102E-15
 -0.33521084317329E-15 -0.33344018636353E-15 -0.34928827891802E-15
 -0.35557654201191E-15 -0.36380243215179E-15 -0.37343153204449E-15
 -0.38557940358519E-15 -0.39371328683735E-15 -0.40381850877030E-15
 -0.41058349674178E-15 -0.41103003452120E-15 -0.42864133752962E-15
 -0.44191076210380E-15 -0.46005384430955E-15 -0.47026283681444E-15
 -0.47184679413213E-15 -0.49128826363166E-15 -0.49928177505893E-15
 -0.50245919414230E-15 -0.51454153425255E-15 -0.54590513782167E-15
 -0.53486974621493E-15 -0.55795427103502E-15 -0.57190485864258E-15
 -0.58526659472586E-15 -0.59633322785725E-15 -0.60711609998448E-15
 -0.61774959784840E-15 -0.64750238337734E-15 -0.66561607593221E-15
 -0.66248213299282E-15 -0.69713598707643E-15 -0.70671341416033E-15
 -0.74133330862796E-15 -0.75807025865441E-15 -0.75855146267746E-15
 -0.77332079884198E-15 -0.80526525691722E-15 -0.80269334406966E-15
 -0.83145687911683E-15 -0.84167785472033E-15 -0.87452737670977E-15
 -0.87775259240871E-15 -0.91287287018944E-15 -0.91991212728555E-15
 -0.94580037371252E-15 -0.97971983084183E-15 -0.99402218143139E-15
 -0.10234744777183E-14 -0.10386162825055E-14 -0.10685517287331E-14
 -0.11175959273188E-14 -0.11104196693901E-14 -0.11195914953077E-14
 -0.11653041734266E-14 -0.11849320315021E-14 -0.12263039058249E-14
 -0.12646402123741E-14 -0.12764270122341E-14 -0.13192631820957E-14
 -0.13370504941361E-14 -0.13987031605050E-14 -0.13849781122190E-14
 -0.14333768445620E-14 -0.14471106110354E-14 -0.14805782773982E-14
 -0.14932526267368E-14 -0.15500302491053E-14 -0.15944433367101E-14
 -0.15999663334571E-14 -0.16498882187308E-14 -0.16813709308182E-14
 -0.17018003903548E-14 -0.17048737220017E-14 -0.17617303354661E-14
 -0.17793138970995E-14 -0.17990752899123E-14 -0.18705471218627E-14
 -0.19342591976581E-14 -0.19488032607601E-14 -0.19685560643593E-14
 -0.20208536198811E-14 -0.20201092404243E-14 -0.20459983003360E-14
 -0.20680501224578E-14 -0.20396157860210E-14 -0.20403179596981E-14
 -0.20468517312489E-14 -0.20421725020805E-14 -0.20618388068656E-14
 -0.19920427620689E-14 -0.19091935637162E-14 -0.18165230247575E-14
 -0.17433649756386E-14 -0.16183449220181E-14 -0.14306626615568E-14
 -0.12910664238104E-14 -0.10720697342200E-14 -0.70404530751516E-15
 -0.33241777148149E-15  0.10867727146863E-15  0.68133311465946E-15
  0.13394784173550E-14  0.21147526023103E-14  0.30239015147908E-14
  0.42044131209604E-14  0.55392130734777E-14  0.72866039588172E-14
  0.93034825330001E-14  0.11701529614919E-13  0.14483549097428E-13
  0.17835668466880E-13  0.21966476957302E-13  0.26755141819783E-13
  0.32528852903416E-13  0.39428204976751E-13  0.47577390756760E-13
  0.57414433229842E-13  0.69000729446766E-13  0.82827774473227E-13
  0.99353196178264E-13  0.11914642272309E-12  0.14253753628503E-12
  0.17051929689747E-12  0.20386813419736E-12  0.24356445404508E-12
  0.29109981674928E-12  0.34768633643557E-12  0.41543843437583E-12
  0.49621460003820E-12  0.59276878626784E-12  0.70853385229101E-12
  0.84703888180976E-12  0.10132920112382E-11  0.12129474276706E-11
  0.14528629506902E-11  0.17421841421875E-11  0.20909320609679E-11
  0.25126375972821E-11  0.30237808042005E-11  0.36443901921583E-11
  0.44001501915401E-11  0.53226272165707E-11  0.64520886519442E-11
  0.78390746375110E-11  0.95476172814564E-11  0.11658785963969E-10
  0.14276292648267E-10  0.17531006585901E-10  0.21591029191581E-10
  0.26670512823822E-10  0.33042269281391E-10  0.41054769179661E-10
  0.51151043688194E-10  0.63894551040637E-10  0.79998815172484E-10
  0.10036540391598E-09  0.12612776312841E-09  0.15870468487783E-09
  0.19986232811616E-09  0.25178753788884E-09  0.31717034679270E-09
  0.39929923582434E-09  0.50216725819942E-09  0.63059324358490E-09
  0.79035416112152E-09  0.98833766040710E-09  0.12327110734242E-08
  0.15331186850720E-08  0.19009085593120E-08  0.23494016806884E-08
  0.28942152247484E-08  0.35536522838148E-08  0.43491787519604E-08
  0.53060069893204E-08  0.64538121116689E-08  0.78276093569757E-08
  0.94688277415432E-08  0.11426624438201E-07  0.13759489402330E-07
  0.16537203984808E-07  0.19843234195215E-07  0.23777653495900E-07
  0.28460720040383E-07  0.34037262966801E-07  0.40682064966592E-07
  0.48606489271249E-07  0.58066651189900E-07  0.69373517553190E-07
  0.82905416689585E-07  0.99123568961576E-07  0.11859140544138E-06
  0.14199864853468E-06  0.17019138776988E-06  0.20420970530376E-06
  0.24533483331551E-06  0.29514833660595E-06  0.35560648208632E-06
  0.42913378039142E-06  0.51874071462562E-06  0.62817193186756E-06
  0.76209271551294E-06  0.92632338062547E-06  0.11281333605318E-05
  0.13766091134794E-05  0.16831124387153E-05  0.20618480436857E-05
  0.25305607274808E-05  0.31113823825547E-05  0.38318457080198E-05
  0.47260727349999E-05  0.58361286978380E-05  0.72135008124797E-05
  0.89206114631690E-05  0.11032199758784E-04  0.13636299375960E-04
  0.16834403583978E-04  0.20740250840349E-04  0.25476516433311E-04
  0.31168616798148E-04  0.37934917892618E-04  0.45873007868990E-04
  0.55042456403066E-04  0.65445660114905E-04  0.77009797041432E-04
  0.89574148003572E-04  0.10288743126040E-03  0.11661870669769E-03
  0.13038264603671E-03  0.14377614118702E-03  0.15641969251789E-03
  0.16799530355455E-03  0.17827353672906E-03  0.18712556982100E-03
  0.19452015605816E-03  0.20050876342789E-03  0.20520388006439E-03
  0.20875544120433E-03  0.21132912636540E-03  0.21308864819230E-03
  0.21418269105029E-03  0.21473614151405E-03  0.21484471499150E-03
  0.21457191550030E-03  0.21394732471911E-03  0.21296537853212E-03
  0.21158397159589E-03  0.20972238790179E-03  0.20725816967077E-03
  0.20402260536731E-03  0.19979454453505E-03  0.19429223892159E-03
  0.18716287151794E-03  0.17796937169286E-03  0.16617402714770E-03
  0.15111829183683E-03  0.13199805117560E-03  0.10783343810114E-03
  0.77432090805526E-04  0.39344498512176E-04 -0.81902122517948E-05
 -0.67310051155838E-04 -0.14060991935472E-03 -0.23123827067013E-03
 -0.34301419658948E-03 -0.48056914989242E-03 -0.64951833094530E-03
 -0.85666768919243E-03 -0.11102635421364E-02 -0.14202929825946E-02
 -0.17988445254523E-02 -0.22605398326048E-02 -0.28230488577739E-02
 -0.35077024184514E-02 -0.43402181497293E-02 -0.53515582693837E-02
 -0.65789410016281E-02 -0.80670324884851E-02 -0.98693533493499E-02
 -0.12049944551846E-01 -0.14685351532993E-01 -0.17867003648298E-01
 -0.21704087394789E-01 -0.26327035225972E-01 -0.31891775867339E-01
 -0.38584916364692E-01 -0.46630051686353E-01 -0.56295427202666E-01
 -0.67903216330620E-01 -0.81840723360868E-01 -0.98573882049865E-01
 -0.11866349465587E+00 -0.14278474350671E+00 -0.17175060774847E+00
 -0.20653993239288E+00
 (2i12)
         356         183             scalar potential, harmonic  4
 (3e22.14)
  0.87867546139459E-16  0.23065315332598E-15  0.23659073448857E-15
  0.24512963869024E-15  0.24955743972463E-15  0.25723231011556E-15
  0.26149297824431E-15  0.26783587163338E-15  0.27643210090517E-15
  0.28212513633271E-15  0.28777000593856E-15  0.29598277236424E-15
  0.30162889914935E-15  0.31048022263657E-15  0.31871413793346E-15
  0.32800375634290E-15  0.33299511222563E-15  0.34256749156391E-15
  0.35630720392390E-15  0.36086177393936E-15  0.37111685402359E-15
  0.37888014924561E-15  0.38741751842983E-15  0.39466462953996E-15
  0.40651213649983E-15  0.41657932053971E-15  0.42945493356874E-15
  0.43714817861966E-15  0.45321214741292E-15  0.46096461513064E-15
  0.46987414630320E-15  0.48438263011644E-15  0.49528619433452E-15
  0.51092187178046E-15  0.52441678994273E-15  0.53687705720990E-15
  0.54349163964748E-15  0.56171727211120E-15  0.56885609671079E-15
  0.58579156255772E-15  0.60065543815420E-15  0.62071565455391E-15
  0.62966874812220E-15  0.64721920874978E-15  0.66552048151820E-15
  0.67518548803811E-15  0.69275779030039E-15  0.71400172986731E-15
  0.73015789103741E-15  0.74785080683671E-15  0.76844627970605E-15
  0.78334525641675E-15  0.80954653446586E-15  0.82434157260637E-15
  0.83877689117969E-15  0.86383656067696E-15  0.89435429836969E-15
  0.90849257605806E-15  0.93353982440405E-15  0.95558089780258E-15
  0.98510615118986E-15  0.99887433837332E-15  0.10363293644409E-14
  0.10488568678819E-14  0.10777917725632E-14  0.11025964822514E-14
  0.11266663336926E-14  0.11644536294831E-14  0.11818939775203E-14
  0.12139783227950E-14  0.12484209049792E-14  0.12618971367608E-14
  0.13125755195464E-14  0.13341386186905E-14  0.13625719281154E-14
  0.14000799567619E-14  0.14409755219991E-14  0.14610904015738E-14
  0.15013419150522E-14  0.15538347686955E-14  0.15817398396158E-14
  0.16188536243750E-14  0.16424172178650E-14  0.16819007560691E-14
  0.17347318738515E-14  0.17672527423597E-14  0.18021118375706E-14
  0.18667077689105E-14  0.19032088315639E-14  0.19436445537751E-14
  0.19910336741933E-14  0.20620749742811E-14  0.20942948937211E-14
  0.21298066190808E-14  0.21886375303355E-14  0.22400399010257E-14
  0.22793291140336E-14  0.23449275056547E-14  0.23958519479127E-14
  0.24792185534513E-14  0.25125878315573E-14  0.25695478718137E-14
  0.26629342207294E-14  0.26809423858439E-14  0.27978294710089E-14
  0.28508360322589E-14  0.28689930424930E-14  0.29473603774781E-14
  0.30321183539285E-14  0.30823702489232E-14  0.31616236255452E-14
  0.32328770485963E-14  0.32979407532936E-14  0.33988069684284E-14
  0.34702203013163E-14  0.35608189468462E-14  0.36117818460465E-14
  0.37297734686687E-14  0.37839832355564E-14  0.38803020231565E-14
  0.39496569237734E-14  0.40509038442385E-14  0.41386960944454E-14
  0.42553521799437E-14  0.43277117706914E-14  0.44020161616480E-14
  0.44813865176623E-14  0.46390272256411E-14  0.47024081036011E-14
  0.48553179996293E-14  0.48994810478425E-14  0.50282747543363E-14
  0.51506089748475E-14  0.52375063771242E-14  0.53469258002861E-14
  0.54377759917514E-14  0.54982840257934E-14  0.56704982512304E-14
  0.57904236873449E-14  0.59470196573099E-14  0.60282722218124E-14
  0.62596076355398E-14  0.63274052189266E-14  0.64492699805219E-14
  0.65472779413841E-14  0.66638416063043E-14  0.68034850289904E-14
  0.69289895760477E-14  0.71515165926037E-14  0.72010848233038E-14
  0.73361365465278E-14  0.75197604717540E-14  0.76337474936892E-14
  0.78215611993831E-14  0.79566707834110E-14  0.81041070508751E-14
  0.82529500092760E-14  0.83701349595749E-14  0.85468609938917E-14
  0.86702849534396E-14  0.88467780126650E-14  0.90378494569870E-14
  0.91728454229513E-14  0.93722553722594E-14  0.94958986916990E-14
  0.97033165199491E-14  0.98538988398181E-14  0.10043450362972E-13
  0.10335740467970E-13  0.10576792265250E-13  0.10723312976182E-13
  0.11038298285772E-13  0.11289907930485E-13  0.11585046700678E-13
  0.11870334964657E-13  0.12196362155706E-13  0.12707669283889E-13
  0.13197239789458E-13  0.13835781581433E-13  0.14569877170890E-13
  0.15470336951798E-13  0.16602816120317E-13  0.18011169266234E-13
  0.19855460069909E-13  0.22115688210529E-13  0.24987749859294E-13
  0.28785376319973E-13  0.33411938670619E-13  0.39741335887457E-13
  0.47689356609209E-13  0.57994956530113E-13  0.71477296998982E-13
  0.88864630462385E-13  0.11177042771179E-12  0.14175420937146E-12
  0.18094517053838E-12  0.23238347088289E-12  0.29999245393337E-12
  0.38860991648240E-12  0.50552410991256E-12  0.65934174774989E-12
  0.86192720777490E-12  0.11291710825993E-11  0.14820353731628E-11
  0.19478493061398E-11  0.25630485028263E-11  0.33756953247748E-11
  0.44489218010979E-11  0.58666843877752E-11  0.77384027339732E-11
  0.10208297303991E-10  0.13464263450724E-10  0.17752305883091E-10
  0.23392045863662E-10  0.30797057709303E-10  0.40501216628216E-10
  0.53188909436785E-10  0.69735080811989E-10  0.91249264136534E-10
  0.11913146467468E-09  0.15513529489569E-09  0.20144352939113E-09
  0.26075203784522E-09  0.33636688572430E-09  0.43231188509945E-09
  0.55345032174650E-09  0.70561783642638E-09  0.89577550961786E-09
  0.11321772937089E-08  0.14245671628703E-08  0.17844044219008E-08
  0.22251338266455E-08  0.27625083216658E-08  0.34149852811467E-08
  0.42042086955109E-08  0.51556081335683E-08  0.62991325541423E-08
  0.76701596158294E-08  0.93106105395144E-08  0.11270322305576E-07
  0.13608730770918E-07  0.16396933254686E-07  0.19720219520087E-07
  0.23681174095047E-07  0.28403489815204E-07  0.34036657457797E-07
  0.40761745624865E-07  0.48798537373631E-07  0.58414362483067E-07
  0.69935043305544E-07  0.83758499630631E-07  0.10037167826627E-06
  0.12037167171033E-06  0.14449210356926E-06  0.17363615291116E-06
  0.20891795677286E-06  0.25171459261412E-06  0.30373142076828E-06
  0.36708432041347E-06  0.44440325577398E-06  0.53896277926634E-06
  0.65484646936908E-06  0.79715404127870E-06  0.97226190410034E-06
  0.11881503355708E-05  0.14548130881457E-05  0.17847680527726E-05
  0.21936901665340E-05  0.27011895795955E-05  0.33317580861604E-05
  0.41159033959999E-05  0.50914814131078E-05  0.63052176349863E-05
  0.78143749952309E-05  0.96884704944178E-05  0.12010859720196E-04
  0.14879890807759E-04  0.18409176579825E-04  0.22726356320224E-04
  0.27969549091299E-04  0.34280603793084E-04  0.41794331838438E-04
  0.50623302294780E-04  0.60838613340394E-04  0.72448362229168E-04
  0.85377143724647E-04  0.99451338179018E-04  0.11439546638696E-03
  0.12984375581084E-03  0.14536802354810E-03  0.16051867209590E-03
  0.17487153022018E-03  0.18807120050260E-03  0.19986249751877E-03
  0.21010509795073E-03  0.21877113575572E-03  0.22592936137524E-03
  0.23172150149036E-03  0.23633647942319E-03  0.23998681751720E-03
  0.24288970400086E-03  0.24525354293937E-03  0.24726964876538E-03
  0.24910813662500E-03  0.25091687599447E-03  0.25282245348492E-03
  0.25493229072928E-03  0.25733729034292E-03  0.26011458623746E-03
  0.26333013390095E-03  0.26704098946207E-03  0.27129719967535E-03
  0.27614326708148E-03  0.28161917381743E-03  0.28776095039207E-03
  0.29460076684892E-03  0.30216650592387E-03  0.31048075251132E-03
  0.31955910126644E-03  0.32940764384804E-03  0.34001944804500E-03
  0.35136978088060E-03  0.36340975492522E-03  0.37605798907857E-03
  0.38918977022292E-03  0.40262307907260E-03  0.41610070250464E-03
  0.42926749841451E-03  0.44164171416074E-03  0.45257909764437E-03
  0.46122839885408E-03  0.46647676256645E-03  0.46688348513026E-03
  0.46060066689886E-03  0.44527942718630E-03  0.41796049321306E-03
  0.37494796347914E-03  0.31166457678544E-03  0.22248543653427E-03
  0.10054428794075E-03 -0.62498387828690E-04 -0.27674322242611E-03
 -0.55442234437973E-03 -0.91038842005629E-03 -0.13627670850671E-02
 -0.19338237762160E-02 -0.26510996518396E-02 -0.35488739484954E-02
 -0.46700150641223E-02 -0.60682938674019E-02 -0.78112535154657E-02
 -0.99837622347931E-02 -0.12692419714616E-01 -0.16071044650107E-01
 -0.20287542744021E-01 -0.25552545930254E-01
 (2i12)
         538           1      magnetization potential, harmonic  1
 (3e22.14)
 -0.18148237583687E-08 -0.18601945616009E-08 -0.19066995693184E-08
 -0.19543671331217E-08 -0.20032263116535E-08 -0.20533068892501E-08
 -0.21046393949008E-08 -0.21572551219514E-08 -0.22111861437013E-08
 -0.22664653350065E-08 -0.23231263938446E-08 -0.23812038587708E-08
 -0.24407331321936E-08 -0.25017505008812E-08 -0.25642931577437E-08
 -0.26283992264152E-08 -0.26941077808043E-08 -0.27614588725248E-08
 -0.28304935553078E-08 -0.29012539068444E-08 -0.29737830544651E-08
 -0.30481252071663E-08 -0.31243256765218E-08 -0.32024309038327E-08
 -0.32824884929771E-08 -0.33645472388939E-08 -0.34486571516078E-08
 -0.35348694926259E-08 -0.36232368042345E-08 -0.37138129397800E-08
 -0.38066530997470E-08 -0.39018138639979E-08 -0.39993532210534E-08
 -0.40993306127434E-08 -0.42018069645427E-08 -0.43068447231068E-08
 -0.44145078947999E-08 -0.45248620857242E-08 -0.46379745372742E-08
 -0.47539141758955E-08 -0.48727516423861E-08 -0.49945593486287E-08
 -0.51194115113201E-08 -0.52473841997387E-08 -0.53785553847175E-08
 -0.55130049823851E-08 -0.56508149074850E-08 -0.57920691171335E-08
 -0.59368536667884E-08 -0.60852567580050E-08 -0.62373687982781E-08
 -0.63932824487377E-08 -0.65530926859321E-08 -0.67168968562628E-08
 -0.68847947390843E-08 -0.70568886011009E-08 -0.72332832633406E-08
 -0.74140861622332E-08 -0.75994074231391E-08 -0.77893599087290E-08
 -0.79840593027667E-08 -0.81836241846677E-08 -0.83881760777530E-08
 -0.85978395506201E-08 -0.88127422796759E-08 -0.90330151203673E-08
 -0.92587921987097E-08 -0.94902109813142E-08 -0.97274123748901E-08
 -0.99705407953586E-08 -0.10219744258417E-07 -0.10475174479454E-07
 -0.10736986954021E-07 -0.11005341056863E-07 -0.11280400141221E-07
 -0.11562331631753E-07 -0.11851307123327E-07 -0.12147502505532E-07
 -0.12451098039419E-07 -0.12762278489708E-07 -0.13081233220603E-07
 -0.13408156320416E-07 -0.13743246724384E-07 -0.14086708316868E-07
 -0.14438750065336E-07 -0.14799586156267E-07 -0.15169436101054E-07
 -0.15548524893741E-07 -0.15937083119157E-07 -0.16335347134244E-07
 -0.16743559158677E-07 -0.17161967461388E-07 -0.17590826492426E-07
 -0.18030397042027E-07 -0.18480946393855E-07 -0.18942748490854E-07
 -0.19416084093534E-07 -0.19901240969642E-07 -0.20398514018102E-07
 -0.20908205527568E-07 -0.21430625262676E-07 -0.21966090738905E-07
 -0.22514927342566E-07 -0.23077468583278E-07 -0.23654056261425E-07
 -0.24245040655284E-07 -0.24850780809146E-07 -0.25471644652411E-07
 -0.26108009270549E-07 -0.26760261166368E-07 -0.27428796400708E-07
 -0.28114020907060E-07 -0.28816350712290E-07 -0.29536212161536E-07
 -0.30274042214867E-07 -0.31030288689665E-07 -0.31805410528863E-07
 -0.32599878032077E-07 -0.33414173234090E-07 -0.34248790110290E-07
 -0.35104234904447E-07 -0.35981026426062E-07 -0.36879696339195E-07
 -0.37800789522445E-07 -0.38744864371426E-07 -0.39712493100448E-07
 -0.40704262145736E-07 -0.41720772444196E-07 -0.42762639847214E-07
 -0.43830495462388E-07 -0.44924986030080E-07 -0.46046774270602E-07
 -0.47196539375118E-07 -0.48374977295582E-07 -0.49582801211368E-07
 -0.50820741956513E-07 -0.52089548415435E-07 -0.53389987994843E-07
 -0.54722847058697E-07 -0.56088931380940E-07 -0.57489066691362E-07
 -0.58924099029186E-07 -0.60394895366778E-07 -0.61902343973708E-07
 -0.63447355156175E-07 -0.65030861513243E-07 -0.66653818745208E-07
 -0.68317205954428E-07 -0.70022026457808E-07 -0.71769308199326E-07
 -0.73560104385377E-07 -0.75395494126887E-07 -0.77276583042346E-07
 -0.79204503891005E-07 -0.81180417233387E-07 -0.83205512063682E-07
 -0.85281006532274E-07 -0.87408148637865E-07 -0.89588216897653E-07
 -0.91822521081989E-07 -0.94112403060730E-07 -0.96459237436146E-07
 -0.98864432369211E-07 -0.10132943032673E-06 -0.10385570900486E-06
 -0.10644478198370E-06 -0.10909819984624E-06 -0.11181755072631E-06
 -0.11460446136640E-06 -0.11746059803438E-06 -0.12038766738573E-06
 -0.12338741744948E-06 -0.12646163851671E-06 -0.12961216418355E-06
 -0.13284087238732E-06 -0.13614968627795E-06 -0.13954057547140E-06
 -0.14301555685938E-06 -0.14657669605615E-06 -0.15022610807142E-06
 -0.15396595877086E-06 -0.15779846592743E-06 -0.16172590029362E-06
 -0.16575058702106E-06 -0.16987490668468E-06 -0.17410129663382E-06
 -0.17843225212762E-06 -0.18287032770490E-06 -0.18741813880268E-06
 -0.19207836249312E-06 -0.19685373929172E-06 -0.20174707462239E-06
 -0.20676123966110E-06 -0.21189917342258E-06 -0.21716388387839E-06
 -0.22255844968720E-06 -0.22808602124358E-06 -0.23374982296754E-06
 -0.23955315405693E-06 -0.24549939072017E-06 -0.25159198749669E-06
 -0.25783447897056E-06 -0.26423048138883E-06 -0.27078369433898E-06
 -0.27749790283462E-06 -0.28437697851216E-06 -0.29142488168453E-06
 -0.29864566342815E-06 -0.30604346663934E-06 -0.31362252882458E-06
 -0.32138718325625E-06 -0.32934186110604E-06 -0.33749109358020E-06
 -0.34583951347310E-06 -0.35439185739254E-06 -0.36315296786150E-06
 -0.37212779496851E-06 -0.38132139861675E-06 -0.39073895070209E-06
 -0.40038573639618E-06 -0.41026715788138E-06 -0.42038873452480E-06
 -0.43075610623697E-06 -0.44137503530525E-06 -0.45225140834111E-06
 -0.46339123830143E-06 -0.47480066729476E-06 -0.48648596810917E-06
 -0.49845354659276E-06 -0.51070994396463E-06 -0.52326183816021E-06
 -0.53611604743054E-06 -0.54927953161746E-06 -0.56275939363148E-06
 -0.57656288302783E-06 -0.59069739688827E-06 -0.60517048306651E-06
 -0.61998984095125E-06 -0.63516332435362E-06 -0.65069894345213E-06
 -0.66660486619194E-06 -0.68288942137073E-06 -0.69956109879237E-06
 -0.71662855273490E-06 -0.73410060260410E-06 -0.75198623616057E-06
 -0.77029460846839E-06 -0.78903504602291E-06 -0.80821704702688E-06
 -0.82785028324244E-06 -0.84794460057618E-06 -0.86851002102181E-06
 -0.88955674363133E-06 -0.91109514461951E-06 -0.93313577935581E-06
 -0.95568938179787E-06 -0.97876686594887E-06 -0.10023793269769E-05
 -0.10265380384666E-05 -0.10512544554414E-05 -0.10765402125538E-05
 -0.11024071246774E-05 -0.11288671848836E-05 -0.11559325643611E-05
 -0.11836156127508E-05 -0.12119288530278E-05 -0.12408849840396E-05
 -0.12704968759456E-05 -0.13007775685791E-05 -0.13317402686861E-05
 -0.13633983480747E-05 -0.13957653392625E-05 -0.14288549317831E-05
 -0.14626809692640E-05 -0.14972574434010E-05 -0.15325984912767E-05
 -0.15687183871935E-05 -0.16056315397179E-05 -0.16433524859866E-05
 -0.16818958795889E-05 -0.17212764917467E-05 -0.17615091950804E-05
 -0.18026089637758E-05 -0.18445908579863E-05 -0.18874700178799E-05
 -0.19312616537046E-05 -0.19759810353494E-05 -0.20216434809791E-05
 -0.20682643464308E-05 -0.21158590109835E-05 -0.21644428674304E-05
 -0.22140313082016E-05 -0.22646397117879E-05 -0.23162834261235E-05
 -0.23689777602879E-05 -0.24227379602011E-05 -0.24775792025395E-05
 -0.25335165725497E-05 -0.25905650507209E-05 -0.26487394957816E-05
 -0.27080546280775E-05 -0.27685250148484E-05 -0.28301650487029E-05
 -0.28929889423470E-05 -0.29570106962254E-05 -0.30222441036803E-05
 -0.30887027172761E-05 -0.31563998499068E-05 -0.32253485553895E-05
 -0.32955616212238E-05 -0.33670515597829E-05 -0.34398306008706E-05
 -0.35139106906336E-05 -0.35893034940527E-05 -0.36660203922880E-05
 -0.37440725044567E-05 -0.38234706855662E-05 -0.39042255626528E-05
 -0.39863475571252E-05 -0.40698469157907E-05 -0.41547337641647E-05
 -0.42410181662637E-05 -0.43287101788789E-05 -0.44178199527315E-05
 -0.45083578189134E-05 -0.46003344125602E-05 -0.46937608100996E-05
 -0.47886486848895E-05 -0.48850105079974E-05 -0.49828597547981E-05
 -0.50822111506520E-05 -0.51830809812818E-05 -0.52854873992237E-05
 -0.53894508232988E-05 -0.54949943576908E-05 -0.56021443000025E-05
 -0.57109306942525E-05 -0.58213879774184E-05 -0.59335557082763E-05
 -0.60474793915348E-05 -0.61632114122688E-05 -0.62808120985423E-05
 -0.64003509199426E-05 -0.65219078511777E-05 -0.66455748932968E-05
 -0.67714578225197E-05 -0.68996781347854E-05 -0.70303752508435E-05
 -0.71637090283406E-05 -0.72998625637770E-05 -0.74390453624775E-05
 -0.75814969340332E-05 -0.77274908179095E-05 -0.78773391489890E-05
 -0.80313978105091E-05 -0.81900721930514E-05 -0.83538237958711E-05
 -0.85231775538662E-05 -0.86987301970779E-05 -0.88811596515607E-05
 -0.90712356152142E-05 -0.92698315604774E-05 -0.94779382195791E-05
 -0.96966788659892E-05 -0.99273264767773E-05 -0.10171323215587E-04
 -0.10430302324887E-04 -0.10706112884659E-04 -0.11000847742662E-04
 -0.11316875007635E-04 -0.11656873562213E-04 -0.12023873111297E-04
 -0.12421299238494E-04 -0.12853024206381E-04 -0.13323423957946E-04
 -0.13837442259849E-04 -0.14400662559386E-04 -0.15019388463869E-04
 -0.15700733712377E-04 -0.16452722415429E-04 -0.17284400569978E-04
 -0.18205959578325E-04 -0.19228872685560E-04 -0.20366044835744E-04
 -0.21631976606939E-04 -0.23042942231695E-04 -0.24617181748661E-04
 -0.26375106403751E-04 -0.28339516182519E-04 -0.30535827228598E-04
 -0.32992306264731E-04 -0.35740307882400E-04 -0.38814509285675E-04
 -0.42253136038053E-04 -0.46098171103152E-04 -0.50395538004154E-04
 -0.55195248994493E-04 -0.60551508267327E-04 -0.66522761577150E-04
 -0.73171685314795E-04 -0.80565111690252E-04 -0.88773891780582E-04
 -0.97872705022848E-04 -0.10793983224493E-03 -0.11905691907679E-03
 -0.13130876632462E-03 -0.14478319340626E-03 -0.15957102800098E-03
 -0.17576627909800E-03 -0.19346654986583E-03 -0.21277374119373E-03
 -0.23379508616109E-03 -0.25664454106788E-03 -0.28144454176124E-03
 -0.30832811743828E-03 -0.33744134000323E-03 -0.36894607746391E-03
 -0.40302301675535E-03 -0.43987492431292E-03 -0.47973012264363E-03
 -0.52284617455062E-03 -0.56951378489292E-03 -0.62006094742440E-03
 -0.67485738402619E-03 -0.73431933895675E-03 -0.79891480787761E-03
 -0.86916929315894E-03 -0.94567218871736E-03 -0.10290839086445E-02
 -0.11201438822556E-02 -0.12196795487662E-02 -0.13286164944179E-02
 -0.14479898853980E-02 -0.15789573616690E-02 -0.17228135677450E-02
 -0.18810065083510E-02 -0.20551559260285E-02 -0.22470739044808E-02
 -0.24587879014124E-02 -0.26925664061321E-02 -0.29509473925548E-02
 -0.32367696933681E-02 -0.35532073436451E-02 -0.39038068207881E-02
 -0.42925269244394E-02 -0.47237807705096E-02 -0.52024789901858E-02
 -0.57340726873783E-02 -0.63245939700377E-02 -0.69806908779088E-02
 -0.77096522172109E-02 -0.85194161225383E-02 -0.94185540468776E-02
 -0.10416219323681E-01 -0.11522046512521E-01 -0.12745984637318E-01
 -0.14098044576160E-01 -0.15587939021790E-01 -0.17224593803770E-01
 -0.19015513669439E-01 -0.20965996058422E-01 -0.23078205333278E-01
 -0.25350149121780E-01 -0.27774637775885E-01 -0.30338353667828E-01
 -0.33021199920189E-01 -0.35796123052295E-01 -0.38629592146217E-01
 -0.41482852512299E-01 -0.44313951021460E-01 -0.47080371341896E-01
 -0.49741961345266E-01 -0.52263734658096E-01 -0.54618125899260E-01
 -0.56786383894115E-01 -0.58758967803915E-01 -0.60535008906600E-01
 -0.62121056418342E-01 -0.63529403810222E-01 -0.64776289937139E-01
 -0.65880209621262E-01 -0.66860483235920E-01 -0.67736152005844E-01
 -0.68525201565026E-01 -0.69244075940162E-01 -0.69907425070595E-01
 -0.70528025355299E-01 -0.71116818316382E-01 -0.71683022290655E-01
 -0.72234282787617E-01 -0.72776836927265E-01 -0.73315675390196E-01
 -0.73854691427938E-01 -0.74396810872086E-01 -0.74944100064216E-01
 -0.75497850535427E-01 -0.76058640395476E-01 -0.76626372980518E-01
 -0.77200293547302E-01 -0.77778984819250E-01 -0.78360342090643E-01
 -0.78941528450658E-01 -0.79518910561067E-01 -0.80087975357039E-01
 -0.80643228097190E-01 -0.81178072421281E-01 -0.81684673554000E-01
 -0.82153806607007E-01 -0.82574693186796E-01 -0.82934831327842E-01
 -0.83219826282090E-01 -0.83413233023064E-01 -0.83496425561652E-01
 -0.83448513310838E-01 -0.83246330607831E-01 -0.82864531641994E-01
 -0.82275828579280E-01 -0.81451414208944E-01 -0.80361609960655E-01
 -0.78976773145289E-01 -0.77268481130533E-01 -0.75210982890898E-01
 -0.72782869807746E-01 -0.69968870735015E-01 -0.66761628374312E-01
 -0.63163276132590E-01 -0.59186620119712E-01 -0.54855751033695E-01
 -0.50205969730261E-01 -0.45283001942804E-01 -0.40141584762558E-01
 -0.34843606434725E-01 -0.29456049078288E-01 -0.24049006659401E-01
 -0.18694025561636E-01 -0.13462950958611E-01 -0.84273734699130E-02
 -0.36586718217410E-02
 (2i12)
         379         160      magnetization potential, harmonic  2
 (3e22.14)
 -0.24956462483631E-15 -0.27609798439156E-15 -0.30515286021593E-15
 -0.33745525878369E-15 -0.37316742214937E-15 -0.41253686817373E-15
 -0.45569361448338E-15 -0.50353817675435E-15 -0.55641940419612E-15
 -0.61495858394617E-15 -0.67897387330813E-15 -0.75000083392599E-15
 -0.82814198652900E-15 -0.91413608361799E-15 -0.10095168132543E-14
 -0.11139909556175E-14 -0.12293414806833E-14 -0.13564264452674E-14
 -0.14963359946588E-14 -0.16510329473624E-14 -0.18202502336616E-14
 -0.20076492600974E-14 -0.22126886023612E-14 -0.24390710762034E-14
 -0.26881100084090E-14 -0.29621128337045E-14 -0.32626512962888E-14
 -0.35941918498829E-14 -0.39584035614370E-14 -0.43588652439298E-14
 -0.47984148075411E-14 -0.52822012709884E-14 -0.58131414977158E-14
 -0.63968605713546E-14 -0.70370471492980E-14 -0.77388992690428E-14
 -0.85120820966336E-14 -0.93595683684558E-14 -0.10288710674641E-13
 -0.11307594310991E-13 -0.12426884983172E-13 -0.13652653141596E-13
 -0.14998585281175E-13 -0.16473526975698E-13 -0.18089331172218E-13
 -0.19860520760022E-13 -0.21800555921575E-13 -0.23924426166019E-13
 -0.26252080490618E-13 -0.28799850366828E-13 -0.31591227683809E-13
 -0.34644339731498E-13 -0.37985946811995E-13 -0.41642379191903E-13
 -0.45642540879969E-13 -0.50015284198722E-13 -0.54801987463458E-13
 -0.60032454679640E-13 -0.65749911643592E-13 -0.72001952970410E-13
 -0.78831622657489E-13 -0.86295333863991E-13 -0.94447321714750E-13
 -0.10335294779347E-12 -0.11307874221749E-12 -0.12369940304066E-12
 -0.13529387006124E-12 -0.14795053161832E-12 -0.16176483751010E-12
 -0.17683904926493E-12 -0.19328842763950E-12 -0.21123221241735E-12
 -0.23080767927108E-12 -0.25215894427078E-12 -0.27544362558711E-12
 -0.30083246789781E-12 -0.32851493254194E-12 -0.35869261519012E-12
 -0.39159006457851E-12 -0.42744413440869E-12 -0.46651867105974E-12
 -0.50910455171113E-12 -0.55550364060940E-12 -0.60605799455499E-12
 -0.66113665543971E-12 -0.72113339861296E-12 -0.78649177897494E-12
 -0.85768245061093E-12 -0.93522036061295E-12 -0.10196694050396E-11
 -0.11116407034293E-11 -0.12117999044728E-11 -0.13208722929551E-11
 -0.14396486754012E-11 -0.15689906395486E-11 -0.17098374277353E-11
 -0.18632069468130E-11 -0.20302211847981E-11 -0.22120880298476E-11
 -0.24101373636710E-11 -0.26258172117712E-11 -0.28606976720777E-11
 -0.31165015427200E-11 -0.33951136807542E-11 -0.36985800786348E-11
 -0.40291433848718E-11 -0.43892531085616E-11 -0.47815818847404E-11
 -0.52090581991064E-11 -0.56748763000646E-11 -0.61825469650834E-11
 -0.67358907638993E-11 -0.73391065583631E-11 -0.79967875735682E-11
 -0.87139662155292E-11 -0.94961628902501E-11 -0.10349433194816E-10
 -0.11280412793160E-10 -0.12296393991517E-10 -0.13405385634408E-10
 -0.14616180192410E-10 -0.15938454873978E-10 -0.17382841060913E-10
 -0.18961050325300E-10 -0.20685973561520E-10 -0.22571808094936E-10
 -0.24634212439878E-10 -0.26890449633765E-10 -0.29359579024068E-10
 -0.32062639971447E-10 -0.35022884476580E-10 -0.38266007821911E-10
 -0.41820462103709E-10 -0.45717711679170E-10 -0.49992626570604E-10
 -0.54683845988000E-10 -0.59834243899408E-10 -0.65491370956472E-10
 -0.71708051933352E-10 -0.78542994543074E-10 -0.86061464738847E-10
 -0.94336088058426E-10 -0.10344774744144E-09 -0.11348653335042E-09
 -0.12455291912361E-09 -0.13675898080223E-09 -0.15022984798814E-09
 -0.16510531634590E-09 -0.18154165545008E-09 -0.19971368358734E-09
 -0.21981707971058E-09 -0.24207101939996E-09 -0.26672116981630E-09
 -0.29404307375420E-09 -0.32434594608632E-09 -0.35797702038512E-09
 -0.39532652729445E-09 -0.43683320822645E-09 -0.48299071911222E-09
 -0.53435478980628E-09 -0.59155146334027E-09 -0.65528638830586E-09
 -0.72635543066673E-09 -0.80565673011085E-09 -0.89420445899209E-09
 -0.99314442494061E-09 -0.11037719548829E-08 -0.12275522200282E-08
 -0.13661434632726E-08 -0.15214233850511E-08 -0.16955194942802E-08
 -0.18908435717206E-08 -0.21101311303794E-08 -0.23564865780143E-08
 -0.26334347548366E-08 -0.29449800016199E-08 -0.32956737756490E-08
 -0.36906920293839E-08 -0.41359238877575E-08 -0.46380732782991E-08
 -0.52047755928778E-08 -0.58447313125433E-08 -0.65678595010246E-08
 -0.73854740323503E-08 -0.83104860218932E-08 -0.93576364105387E-08
 -0.10543763332229E-07 -0.11888109704425E-07 -0.13412677094303E-07
 -0.15142632950177E-07 -0.17106779782646E-07 -0.19338095288767E-07
 -0.21874355169431E-07 -0.24758850956506E-07 -0.28041218045671E-07
 -0.31778390866103E-07 -0.36035705504245E-07 -0.40888172588866E-07
 -0.46421947581510E-07 -0.52736029421027E-07 -0.59944223303868E-07
 -0.68177410008523E-07 -0.77586169596883E-07 -0.88343815742722E-07
 -0.10064990571855E-06 -0.11473430096530E-06 -0.13086186518081E-06
 -0.14933790039418E-06 -0.17051443668409E-06 -0.19479750918724E-06
 -0.22265557620056E-06 -0.25462925500629E-06 -0.29134257795448E-06
 -0.33351600086268E-06 -0.38198142810298E-06 -0.43769955485954E-06
 -0.50177986736780E-06 -0.57550368492410E-06 -0.66035067365101E-06
 -0.75802931132121E-06 -0.87051183213449E-06 -0.10000742303415E-05
 -0.11493419486382E-05 -0.13213419178307E-05 -0.15195616444452E-05
 -0.17480160585687E-05 -0.20113228224018E-05 -0.23147867615847E-05
 -0.26644939950491E-05 -0.30674162026379E-05 -0.35315252627660E-05
 -0.40659182087708E-05 -0.46809520752620E-05 -0.53883877328453E-05
 -0.62015412364128E-05 -0.71354405534102E-05 -0.82069848187195E-05
 -0.94351025302378E-05 -0.10840904430354E-04 -0.12447826312257E-04
 -0.14281756778479E-04 -0.16371145216028E-04 -0.18747086092138E-04
 -0.21443377262434E-04 -0.24496552412080E-04 -0.27945891022610E-04
 -0.31833413261476E-04 -0.36203871656427E-04 -0.41104755931658E-04
 -0.46586331413149E-04 -0.52701734375016E-04 -0.59507149074373E-04
 -0.67062090655526E-04 -0.75429815515956E-04 -0.84677876373779E-04
 -0.94878833733024E-04 -0.10611112952409E-03 -0.11846012330773E-03
 -0.13201928740413E-03 -0.14689155525452E-03 -0.16319081754115E-03
 -0.18104356303859E-03 -0.20059066554717E-03 -0.22198932405644E-03
 -0.24541516996967E-03 -0.27106456226641E-03 -0.29915709850927E-03
 -0.32993837636522E-03 -0.36368304672566E-03 -0.40069820559591E-03
 -0.44132717779366E-03 -0.48595375128468E-03 -0.53500692682674E-03
 -0.58896625356515E-03 -0.64836782733926E-03 -0.71381103459539E-03
 -0.78596613070718E-03 -0.86558274670458E-03 -0.95349942219679E-03
 -0.10506542635422E-02 -0.11580968235247E-02 -0.12770012897383E-02
 -0.14086810504477E-02 -0.15546046747310E-02 -0.17164132923428E-02
 -0.18959392803160E-02 -0.20952260474170E-02 -0.23165485408261E-02
 -0.25624338644016E-02 -0.28356810731481E-02 -0.31393787679093E-02
 -0.34769185282340E-02 -0.38520014586503E-02 -0.42686341569273E-02
 -0.47311092282441E-02 -0.52439640823201E-02 -0.58119102332950E-02
 -0.64397238401857E-02 -0.71320870900571E-02 -0.78933697504067E-02
 -0.87273415691766E-02 -0.96368102078267E-02 -0.10623187247986E-01
 -0.11685997591419E-01 -0.12822365685062E-01 -0.14026534348700E-01
 -0.15289494985019E-01 -0.16598824920341E-01 -0.17938829243424E-01
 -0.19291061312787E-01 -0.20635243100831E-01 -0.21950528640211E-01
 -0.23216968758003E-01 -0.24416970290398E-01 -0.25536524423972E-01
 -0.26566018785944E-01 -0.27500536110457E-01 -0.28339649539967E-01
 -0.29086816462942E-01 -0.29748525041126E-01 -0.30333354372637E-01
 -0.30851080858254E-01 -0.31311917617146E-01 -0.31725927318526E-01
 -0.32102611988976E-01 -0.32450659909494E-01 -0.32777818550599E-01
 -0.33090860295526E-01 -0.33395610847673E-01 -0.33697015784752E-01
 -0.33999226767783E-01 -0.34305694371925E-01 -0.34619258933782E-01
 -0.34942234136946E-01 -0.35276480405423E-01 -0.35623466731549E-01
 -0.35984320526874E-01 -0.36359865618255E-01 -0.36750648750802E-01
 -0.37156955002700E-01 -0.37578812434815E-01 -0.38015986139100E-01
 -0.38467961648071E-01 -0.38933917447533E-01 -0.39412686116599E-01
 -0.39902703424591E-01 -0.40401944568587E-01 -0.40907846675369E-01
 -0.41417216766716E-01 -0.41926124669675E-01 -0.42429780939864E-01
 -0.42922400881265E-01 -0.43397057344200E-01 -0.43845527334167E-01
 -0.44258140725958E-01 -0.44623643644910E-01 -0.44929094283621E-01
 -0.45159814713348E-01 -0.45299427802360E-01 -0.45330012225688E-01
 -0.45232408591600E-01 -0.44986703242319E-01 -0.44572900655182E-01
 -0.43971769053221E-01 -0.43165807902319E-01 -0.42140245485881E-01
 -0.40883939079635E-01 -0.39390031425224E-01 -0.37656225922724E-01
 -0.35684583497317E-01 -0.33480810555652E-01 -0.31053084210691E-01
 -0.28410527897170E-01 -0.25561490956297E-01 -0.22511792942318E-01
 -0.19263072095745E-01 -0.15811340627718E-01 -0.12145812369417E-01
 -0.82480429031366E-02
 (2i12)
         196         343      magnetization potential, harmonic  3
 (3e22.14)
 -0.26986176398511E-15 -0.31216369126116E-15 -0.36935992501554E-15
 -0.43203176217323E-15 -0.52305492761790E-15 -0.61723715515162E-15
 -0.72367974850105E-15 -0.87111942386387E-15 -0.10224092210802E-14
 -0.12148019258602E-14 -0.14454033636995E-14 -0.17356598758523E-14
 -0.20827818553447E-14 -0.24830246596905E-14 -0.30135208381582E-14
 -0.35914012621469E-14 -0.43026873845337E-14 -0.52121646372514E-14
 -0.62489908580441E-14 -0.75518165952664E-14 -0.91525380811079E-14
 -0.11087491333655E-13 -0.13469590098694E-13 -0.16387567643641E-13
 -0.19960935943105E-13 -0.24390041632992E-13 -0.29854211629994E-13
 -0.36569421866695E-13 -0.44955626323367E-13 -0.55329449810759E-13
 -0.68290786584043E-13 -0.84447148536779E-13 -0.10469249074727E-12
 -0.13009802909872E-12 -0.16204289127347E-12 -0.20232223577479E-12
 -0.25323914777425E-12 -0.31769084679083E-12 -0.39964596591768E-12
 -0.50389293010240E-12 -0.63692377807960E-12 -0.80697885223639E-12
 -0.10249081918718E-11 -0.13047167387026E-11 -0.16646625456386E-11
 -0.21284498981883E-11 -0.27270340363403E-11 -0.35006384373990E-11
 -0.45016095884932E-11 -0.57979512378085E-11 -0.74780574295618E-11
 -0.96562971462673E-11 -0.12480760812302E-10 -0.16142321536468E-10
 -0.20886411389770E-10 -0.27027467478122E-10 -0.34966557676127E-10
 -0.45212877230575E-10 -0.58409587663120E-10 -0.75364389544681E-10
 -0.97085364737714E-10 -0.12482259519835E-09 -0.16011565596825E-09
 -0.20484755951017E-09 -0.26130530735534E-09 -0.33224749686170E-09
 -0.42097994398805E-09 -0.53144031114717E-09 -0.66829399704065E-09
 -0.83704401367310E-09 -0.10441590987629E-08 -0.12972256150093E-08
 -0.16051304930630E-08 -0.19782838104013E-08 -0.24288916289185E-08
 -0.29712920052092E-08 -0.36223688386968E-08 -0.44020617591348E-08
 -0.53339927401908E-08 -0.64462358739131E-08 -0.77722606807289E-08
 -0.93520893578007E-08 -0.11233714305334E-07 -0.13474838087258E-07
 -0.16145010445163E-07 -0.19328256938306E-07 -0.23126321036662E-07
 -0.27662667052071E-07 -0.33087437488792E-07 -0.39583602683919E-07
 -0.47374608259530E-07 -0.56733904747776E-07 -0.67996848783270E-07
 -0.81575596782275E-07 -0.97977781567140E-07 -0.11782997717391E-06
 -0.14190723536466E-06 -0.17117032550726E-06 -0.20681276212819E-06
 -0.25032026894306E-06 -0.30354604952451E-06 -0.36880613637026E-06
 -0.44900021152635E-06 -0.54776467191799E-06 -0.66966637555306E-06
 -0.82044746075803E-06 -0.10073338398957E-05 -0.12394223159916E-05
 -0.15281634784527E-05 -0.18879590983091E-05 -0.23368927512429E-05
 -0.28976093635216E-05 -0.35983509429614E-05 -0.44741384559750E-05
 -0.55680588149039E-05 -0.69325651851854E-05 -0.86306217831476E-05
 -0.10736416284322E-04 -0.13335225471419E-04 -0.16521868338903E-04
 -0.20397055402307E-04 -0.25060917533568E-04 -0.30603181552814E-04
 -0.37089975101015E-04 -0.44548163890629E-04 -0.52949376590688E-04
 -0.62197136183075E-04 -0.72121216329606E-04 -0.82482829246491E-04
 -0.92992189064430E-04 -0.10333674371928E-03 -0.11321505870850E-03
 -0.12236939511530E-03 -0.13061037488739E-03 -0.13782961045288E-03
 -0.14399965657720E-03 -0.14916369906007E-03 -0.15341907502060E-03
 -0.15689886292384E-03 -0.15975484122418E-03 -0.16214375189886E-03
 -0.16421754819792E-03 -0.16611742183940E-03 -0.16797093325549E-03
 -0.16989142171213E-03 -0.17197892629826E-03 -0.17432199676521E-03
 -0.17699994293413E-03 -0.18008522401507E-03 -0.18364579941132E-03
 -0.18774734886569E-03 -0.19245532696868E-03 -0.19783685184852E-03
 -0.20396244668589E-03 -0.21090766066181E-03 -0.21875459675981E-03
 -0.22759336993255E-03 -0.23752351195596E-03 -0.24865532956312E-03
 -0.26111121041875E-03 -0.27502685715307E-03 -0.29055241295328E-03
 -0.30785342323801E-03 -0.32711155738558E-03 -0.34852499402868E-03
 -0.37230835647189E-03 -0.39869207742739E-03 -0.42792108459443E-03
 -0.46025274627434E-03 -0.49595412204224E-03 -0.53529875860838E-03
 -0.57856359431437E-03 -0.62602703012015E-03 -0.67796992743276E-03
 -0.73468221622225E-03 -0.79647889935010E-03 -0.86373038888074E-03
 -0.93691305018064E-03 -0.10166861705448E-02 -0.11040008449769E-02
 -0.12002440935253E-02 -0.13074178325893E-02 -0.14283476663595E-02
 -0.15669121434602E-02 -0.17282809818058E-02 -0.19191525397703E-02
 -0.21479872181393E-02 -0.24252434964909E-02 -0.27636342123806E-02
 -0.31784289494856E-02 -0.36878310087211E-02 -0.43134528937296E-02
 -0.50809026083994E-02 -0.60204751952269E-02 -0.71679205563631E-02
 -0.85652299097643E-02
 (2i12)
         184         355      magnetization potential, harmonic  4
 (3e22.14)
 -0.30575259740941E-15 -0.36815775034754E-15 -0.45336883723165E-15
 -0.63725499544121E-15 -0.77559590789973E-15 -0.99181212941029E-15
 -0.12628694545359E-14 -0.15937976051804E-14 -0.20522191977999E-14
 -0.26505936825138E-14 -0.34015858767961E-14 -0.43604508641791E-14
 -0.55943869197408E-14 -0.72350751399912E-14 -0.93234970216640E-14
 -0.12043163923077E-13 -0.15587286247954E-13 -0.20243538294844E-13
 -0.26232501890402E-13 -0.34058933676441E-13 -0.44359306916346E-13
 -0.57760190344219E-13 -0.75321304035566E-13 -0.98355714269675E-13
 -0.12859912570685E-12 -0.16829912478695E-12 -0.22050938151319E-12
 -0.28923887472224E-12 -0.37974800573977E-12 -0.49913034909062E-12
 -0.65651053912316E-12 -0.86425408745793E-12 -0.11385249716231E-11
 -0.15007939937403E-11 -0.19792899024200E-11 -0.26113874308606E-11
 -0.34461348178725E-11 -0.45482410404213E-11 -0.60022991488742E-11
 -0.79192213827011E-11 -0.10443651118384E-10 -0.13763573547687E-10
 -0.18122472136930E-10 -0.23834453776064E-10 -0.31302563956945E-10
 -0.41041217430955E-10 -0.53703538763299E-10 -0.70113251390484E-10
 -0.91302599030705E-10 -0.11855592114408E-09 -0.15346007740365E-09
 -0.19796095181790E-09 -0.25442740651072E-09 -0.32572252937298E-09
 -0.41528298971437E-09 -0.52720812257413E-09 -0.66636053535741E-09
 -0.83848114920897E-09 -0.10503236209343E-08 -0.13098137112910E-08
 -0.16262409229687E-08 -0.20104921803429E-08 -0.24753389013389E-08
 -0.30357904820973E-08 -0.37095311237878E-08 -0.45174573792885E-08
 -0.54843412749063E-08 -0.66396445936289E-08 -0.80185190394040E-08
 -0.96630335631967E-08 -0.11623680383566E-07 -0.13961224792167E-07
 -0.16748980039054E-07 -0.20075608686353E-07 -0.24048580624484E-07
 -0.28798448925261E-07 -0.34484149475012E-07 -0.41299584040015E-07
 -0.49481814856908E-07 -0.59321289281863E-07 -0.71174622977014E-07
 -0.85480617443511E-07 -0.10278036974090E-06 -0.12374257002097E-06
 -0.14919538436500E-06 -0.18016670660542E-06 -0.21793505582352E-06
 -0.26409402287857E-06 -0.32063396384427E-06 -0.39004563702851E-06
 -0.47545172808197E-06 -0.58077374608153E-06 -0.71094363581994E-06
 -0.87217165855123E-06 -0.10722846027924E-05 -0.13211510872271E-05
 -0.16312133172867E-05 -0.20181466153233E-05 -0.25016683778896E-05
 -0.31065151901971E-05 -0.38635980528882E-05 -0.48113271826185E-05
 -0.59970642104479E-05 -0.74786038937607E-05 -0.93255020882522E-05
 -0.11619945807178E-04 -0.14456705556349E-04 -0.17941535894377E-04
 -0.22187240638107E-04 -0.27306576716937E-04 -0.33401359192270E-04
 -0.40547691232899E-04 -0.48778269266833E-04 -0.58064134813506E-04
 -0.68299710336317E-04 -0.79295816779906E-04 -0.90784872664952E-04
 -0.10244019686039E-03 -0.11390765032158E-03 -0.12484402399204E-03
 -0.13495425947801E-03 -0.14401988135742E-03 -0.15191379572170E-03
 -0.15860058911296E-03 -0.16412500343380E-03 -0.16859324166116E-03
 -0.17215196531117E-03 -0.17496878766762E-03 -0.17721650647190E-03
 -0.17906187164165E-03 -0.18065866153491E-03 -0.18214429440120E-03
 -0.18363903009616E-03 -0.18524687799809E-03 -0.18705749642660E-03
 -0.18914856335922E-03 -0.19158827293621E-03 -0.19443774949753E-03
 -0.19775326896141E-03 -0.20158824183507E-03 -0.20599495083306E-03
 -0.21102605633448E-03 -0.21673589060754E-03 -0.22318156109027E-03
 -0.23042387680412E-03 -0.23852810178289E-03 -0.24756452598169E-03
 -0.25760882763674E-03 -0.26874218126584E-03 -0.28105104203690E-03
 -0.29462650975368E-03 -0.30956314423902E-03 -0.32595706923833E-03
 -0.34390316638699E-03 -0.36349112889639E-03 -0.38480012470085E-03
 -0.40789182440020E-03 -0.43280160100134E-03 -0.45952783520101E-03
 -0.48801949925120E-03 -0.51816258706079E-03 -0.54976654703600E-03
 -0.58255267404461E-03 -0.61614739281240E-03 -0.65008439100876E-03
 -0.68382038140396E-03 -0.71676949387942E-03 -0.74836043909040E-03
 -0.77811823912154E-03 -0.80576842081818E-03 -0.83135668893505E-03
 -0.85537259817463E-03 -0.87886353405556E-03 -0.90352713222083E-03
 -0.93177670774037E-03 -0.96678409411993E-03 -0.10125146266075E-02
 -0.10737764752956E-02 -0.11563088012933E-02 -0.12669299216876E-02
 -0.14137592802109E-02 -0.16065176771308E-02 -0.18569004642478E-02
 -0.21790084487687E-02
 (i8)
     148             scalar potential
 (2e22.14, 3i8)
 -0.98667612390624E+00  0.00000000000000E+00       0       0       0
 -0.51358362592892E+00  0.00000000000000E+00       0       0       1
 -0.25076786879407E+00  0.00000000000000E+00      -1       1       1
 -0.14731557817645E+00  0.00000000000000E+00      -1       0       2
 -0.95220282076138E-01  0.00000000000000E+00       0       0       2
 -0.65796657978878E-01  0.00000000000000E+00      -1       1       2
 -0.46258828033048E-01  0.00000000000000E+00      -1      -1       3
 -0.34121228156812E-01  0.00000000000000E+00      -1       0       3
 -0.26444773605120E-01  0.00000000000000E+00      -2       2       2
 -0.19877738283707E-01  0.00000000000000E+00      -2       1       3
 -0.19361329019664E-01  0.00000000000000E+00       0       0       3
 -0.15114648534882E-01  0.00000000000000E+00      -1       1       3
 -0.11170437801562E-01  0.00000000000000E+00      -1      -1       4
 -0.87866458434164E-02  0.00000000000000E+00      -2       0       4
 -0.68244762080416E-02  0.00000000000000E+00      -1       0       4
 -0.73747873577555E-02  0.00000000000000E+00      -2       2       3
 -0.43209517575559E-02  0.00000000000000E+00      -2       1       4
 -0.32238258836387E-02  0.00000000000000E+00       0       0       4
 -0.23563612040338E-02  0.00000000000000E+00      -2      -1       5
 -0.25878707187411E-02  0.00000000000000E+00      -1       1       4
 -0.23112021902975E-02  0.00000000000000E+00      -3       3       3
 -0.18737474582278E-02  0.00000000000000E+00      -1      -1       5
 -0.17669407918182E-02  0.00000000000000E+00      -3       2       4
 -0.15084989179417E-02  0.00000000000000E+00      -2       0       5
 -0.13613648340046E-02  0.00000000000000E+00      -2       2       4
 -0.95132489283233E-03  0.00000000000000E+00      -1       0       5
 -0.80030985705822E-03  0.00000000000000E+00      -3       1       5
 -0.63200121035063E-03  0.00000000000000E+00      -2       1       5
 -0.40224964043850E-03  0.00000000000000E+00      -2      -2       6
 -0.32792015719097E-03  0.00000000000000E+00      -2      -1       6
 -0.49232202624495E-03  0.00000000000000E+00      -3       3       4
 -0.38400547907874E-03  0.00000000000000E+00       0       0       5
 -0.31243123230699E-03  0.00000000000000E+00      -1       1       5
 -0.21635046764151E-03  0.00000000000000E+00      -3       0       6
 -0.21781621183155E-03  0.00000000000000E+00      -1      -1       6
 -0.28665488704158E-03  0.00000000000000E+00      -3       2       5
 -0.17552992026669E-03  0.00000000000000E+00      -2       0       6
 -0.17027334006047E-03  0.00000000000000E+00      -2       2       5
 -0.92001147964835E-04  0.00000000000000E+00      -3       1       6
 -0.90200197997205E-04  0.00000000000000E+00      -1       0       6
 -0.11198196043754E-03  0.00000000000000E+00      -4       4       4
 -0.55989758692527E-04  0.00000000000000E+00      -2       1       6
 -0.38002744012835E-04  0.00000000000000E+00      -2      -2       7
 -0.81162004189560E-04  0.00000000000000E+00      -4       3       5
 -0.58870357669706E-04  0.00000000000000E+00      -3       3       5
 -0.29710370639415E-04  0.00000000000000E+00      -3      -1       7
 -0.24159474817558E-04  0.00000000000000E+00      -2      -1       7
 -0.29084106016617E-04  0.00000000000000E+00      -4       2       6
 -0.25259742846439E-04  0.00000000000000E+00       0       0       6
 -0.13753624306817E-04  0.00000000000000E+00      -3       0       7
 -0.21289636193261E-04  0.00000000000000E+00      -3       2       6
 -0.18836409940280E-04  0.00000000000000E+00      -1       1       6
 -0.12058795877457E-04  0.00000000000000E+00      -1      -1       7
 -0.87117680087739E-05  0.00000000000000E+00      -2       0       7
 -0.79389100114297E-05  0.00000000000000E+00      -2       2       6
 -0.43497643856621E-05  0.00000000000000E+00      -4       1       7
 -0.96944606984646E-05  0.00000000000000E+00      -4       4       5
 -0.33377453830016E-05  0.00000000000000E+00      -3       1       7
 -0.42574618166900E-05  0.00000000000000E+00      -4       3       6
 -0.93560075531485E-06  0.00000000000000E+00      -3      -2       8
 -0.28842298861400E-05  0.00000000000000E+00      -1       0       7
 -0.69999704489106E-06  0.00000000000000E+00      -2      -2       8
 -0.18531924245298E-05  0.00000000000000E+00      -3       3       6
 -0.41507036306465E-06  0.00000000000000E+00      -3      -1       8
 -0.13051121702159E-05  0.00000000000000E+00      -2       1       7
 -0.27810217214338E-06  0.00000000000000E+00      -2      -1       8
 -0.64643628217200E-06  0.00000000000000E+00      -4       2       7
 -0.15702872961173E-06  0.00000000000000E+00      -4       0       8
 -0.11720500522540E-06  0.00000000000000E+00      -3       0       8
 -0.17933917584969E-06  0.00000000000000E+00       0       0       7
 -0.22670153048094E-06  0.00000000000000E+00      -3       2       7
 -0.63851843809315E-07  0.00000000000000E+00      -1       1       7
 -0.41724088876592E-06  0.00000000000000E+00      -5       5       5
 -0.99800766222405E-08  0.00000000000000E+00      -1      -1       8
 -0.18070701124873E-06  0.00000000000000E+00      -5       4       6
  0.45644327783535E-08  0.00000000000000E+00      -2       0       8
 -0.39347426300839E-07  0.00000000000000E+00      -4       4       6
 -0.65803129847551E-07  0.00000000000000E+00      -4       1       8
  0.58945844566089E-07  0.00000000000000E+00      -2       2       7
 -0.12381105535899E-06  0.00000000000000E+00      -3      -3       9
  0.13803998129595E-06  0.00000000000000E+00      -5       3       7
 -0.11551955110051E-06  0.00000000000000E+00      -3      -2       9
  0.95260875801873E-08  0.00000000000000E+00      -3       1       8
  0.12803842097929E-06  0.00000000000000E+00      -4       3       7
 -0.91155902995108E-07  0.00000000000000E+00      -4      -1       9
 -0.42205052180985E-07  0.00000000000000E+00      -2      -2       9
  0.95768147588125E-07  0.00000000000000E+00      -1       0       8
 -0.40622076968267E-07  0.00000000000000E+00      -3      -1       9
  0.91603261410752E-07  0.00000000000000E+00      -3       3       7
  0.53198946350064E-07  0.00000000000000E+00      -2       1       8
  0.55738143670656E-07  0.00000000000000E+00      -5       2       8
  0.45307990011373E-07  0.00000000000000E+00      -4       2       8
 -0.59978323955453E-08  0.00000000000000E+00      -4       0       9
  0.23223550671308E-07  0.00000000000000E+00      -2      -1       9
  0.23557205023689E-06  0.00000000000000E+00      -5       5       6
  0.19241098550165E-07  0.00000000000000E+00      -3       0       9
  0.11860896842612E-06  0.00000000000000E+00      -5       4       7
  0.30542645524636E-07  0.00000000000000E+00      -3       2       8
  0.46555830627809E-07  0.00000000000000E+00       0       0       8
  0.35161922650324E-07  0.00000000000000E+00      -1       1       8
  0.55847675305814E-07  0.00000000000000E+00      -4       4       7
  0.24145566429973E-07  0.00000000000000E+00      -5       1       9
  0.23673238292312E-07  0.00000000000000E+00      -1      -1       9
  0.28221473108909E-07  0.00000000000000E+00      -4       1       9
  0.19670094198438E-07  0.00000000000000E+00      -2       0       9
  0.35579946392101E-07  0.00000000000000E+00      -5       3       8
  0.19805593846677E-07  0.00000000000000E+00      -2       2       8
  0.16544486694931E-07  0.00000000000000E+00      -4       3       8
  0.16133286356040E-07  0.00000000000000E+00      -3       1       9
  0.71549013260727E-08  0.00000000000000E+00      -6       6       6
  0.89542399178527E-08  0.00000000000000E+00      -5       2       9
  0.29483981124431E-08  0.00000000000000E+00      -1       0       9
  0.59250506707372E-08  0.00000000000000E+00      -3       3       8
 -0.12705062181494E-07  0.00000000000000E+00      -6       5       7
 -0.18728522171693E-07  0.00000000000000E+00      -5       5       7
  0.24509354266524E-08  0.00000000000000E+00      -2       1       9
  0.76986102223418E-08  0.00000000000000E+00      -4       2       9
 -0.12856761308428E-07  0.00000000000000E+00      -6       4       8
 -0.12578957256256E-07  0.00000000000000E+00      -5       4       8
 -0.12463748499969E-08  0.00000000000000E+00      -3       2       9
 -0.84901677509744E-08  0.00000000000000E+00      -4       4       8
 -0.85059420321988E-08  0.00000000000000E+00      -6       3       9
 -0.71608637659801E-08  0.00000000000000E+00       0       0       9
 -0.61474451158277E-08  0.00000000000000E+00      -1       1       9
 -0.58296726789235E-08  0.00000000000000E+00      -5       3       9
 -0.50179786317647E-08  0.00000000000000E+00      -4       3       9
 -0.49485836383080E-08  0.00000000000000E+00      -2       2       9
 -0.12382920931406E-07  0.00000000000000E+00      -6       6       7
 -0.58381999521771E-08  0.00000000000000E+00      -6       5       8
 -0.23827352173001E-08  0.00000000000000E+00      -5       5       8
 -0.33988785373581E-08  0.00000000000000E+00      -3       3       9
 -0.14377928540229E-08  0.00000000000000E+00      -6       4       9
 -0.92666291261443E-10  0.00000000000000E+00      -5       4       9
  0.71743808337020E-09  0.00000000000000E+00      -4       4       9
  0.55138493583979E-08  0.00000000000000E+00      -7       7       7
  0.51747386834168E-08  0.00000000000000E+00      -7       6       8
  0.46128659773903E-08  0.00000000000000E+00      -6       6       8
  0.33134652574925E-08  0.00000000000000E+00      -7       5       9
  0.28734131145789E-08  0.00000000000000E+00      -6       5       9
  0.18990465012473E-08  0.00000000000000E+00      -5       5       9
 -0.43799935883003E-09  0.00000000000000E+00      -7       7       8
 -0.76779975878790E-09  0.00000000000000E+00      -7       6       9
 -0.79286897618052E-09  0.00000000000000E+00      -6       6       9
 -0.73912380981161E-09  0.00000000000000E+00      -8       8       8
 -0.62573944649920E-09  0.00000000000000E+00      -8       7       9
 -0.56717930519354E-09  0.00000000000000E+00      -7       7       9
  0.43211455122743E-09  0.00000000000000E+00      -8       8       9
  0.31610284009072E-10  0.00000000000000E+00      -9       9       9
 (2e22.14)
 -0.10747417630934E-01  0.00000000000000E+00 magnetization potential
 -0.36565046158880E-02  0.00000000000000E+00
  0.50041381789881E-03  0.00000000000000E+00
  0.22958984341329E-02  0.00000000000000E+00
  0.14009528152214E-02  0.00000000000000E+00
 -0.18026265779827E-03  0.00000000000000E+00
  0.52110233650374E-03  0.00000000000000E+00
 -0.52160914901436E-04  0.00000000000000E+00
 -0.59972122266831E-03  0.00000000000000E+00
 -0.32231702518123E-03  0.00000000000000E+00
 -0.17735251000317E-03  0.00000000000000E+00
 -0.19399184865095E-03  0.00000000000000E+00
 -0.83567296803315E-04  0.00000000000000E+00
 -0.62430181506520E-04  0.00000000000000E+00
 -0.35254989753497E-04  0.00000000000000E+00
 -0.29591466879599E-04  0.00000000000000E+00
  0.18870363998752E-04  0.00000000000000E+00
  0.12563809399130E-04  0.00000000000000E+00
  0.11814502653568E-04  0.00000000000000E+00
  0.22414669873002E-04  0.00000000000000E+00
  0.27302675887288E-04  0.00000000000000E+00
  0.14080374327312E-04  0.00000000000000E+00
  0.19786599888781E-04  0.00000000000000E+00
  0.14782859124164E-04  0.00000000000000E+00
  0.12497490096112E-04  0.00000000000000E+00
  0.72713471256962E-05  0.00000000000000E+00
  0.22945920736102E-05  0.00000000000000E+00
 -0.89225513358946E-06  0.00000000000000E+00
  0.43328754040680E-07  0.00000000000000E+00
 -0.16075537204286E-05  0.00000000000000E+00
 -0.89774320105548E-05  0.00000000000000E+00
 -0.21962980700992E-05  0.00000000000000E+00
 -0.41431408362694E-05  0.00000000000000E+00
 -0.38819819291608E-05  0.00000000000000E+00
 -0.29836061206328E-05  0.00000000000000E+00
 -0.70416996754122E-05  0.00000000000000E+00
 -0.36034379803619E-05  0.00000000000000E+00
 -0.45183301468240E-05  0.00000000000000E+00
 -0.22726881525380E-05  0.00000000000000E+00
 -0.17333445863548E-05  0.00000000000000E+00
 -0.92721669422289E-06  0.00000000000000E+00
 -0.64970709448532E-06  0.00000000000000E+00
 -0.26919967557299E-06  0.00000000000000E+00
  0.55816571428129E-07  0.00000000000000E+00
  0.65785763377418E-06  0.00000000000000E+00
  0.44405476252399E-07  0.00000000000000E+00
  0.30070920000603E-06  0.00000000000000E+00
  0.12772096463978E-05  0.00000000000000E+00
  0.53443216718875E-06  0.00000000000000E+00
  0.62118294959501E-06  0.00000000000000E+00
  0.12983141405104E-05  0.00000000000000E+00
  0.76327030145930E-06  0.00000000000000E+00
  0.51876757857884E-06  0.00000000000000E+00
  0.55763821478298E-06  0.00000000000000E+00
  0.10086945637846E-05  0.00000000000000E+00
  0.59026147304241E-06  0.00000000000000E+00
  0.13082281795719E-05  0.00000000000000E+00
  0.43678620898475E-06  0.00000000000000E+00
  0.67129576291340E-06  0.00000000000000E+00
  0.20550830954259E-06  0.00000000000000E+00
  0.25625412850570E-06  0.00000000000000E+00
  0.13445425553808E-06  0.00000000000000E+00
  0.22994567609185E-06  0.00000000000000E+00
  0.70622488053736E-07  0.00000000000000E+00
  0.12881621420590E-06  0.00000000000000E+00
 -0.30899286446644E-07  0.00000000000000E+00
 -0.79496979795707E-07  0.00000000000000E+00
 -0.93811897446661E-07  0.00000000000000E+00
 -0.10529968693924E-06  0.00000000000000E+00
 -0.72817721214362E-07  0.00000000000000E+00
 -0.14559884682559E-06  0.00000000000000E+00
 -0.89485782564308E-07  0.00000000000000E+00
 -0.51634468910743E-06  0.00000000000000E+00
 -0.11308999080915E-06  0.00000000000000E+00
 -0.47518794532444E-06  0.00000000000000E+00
 -0.12076387165597E-06  0.00000000000000E+00
 -0.41839810074507E-06  0.00000000000000E+00
 -0.15625056222217E-06  0.00000000000000E+00
 -0.12203718118370E-06  0.00000000000000E+00
 -0.10109237567257E-06  0.00000000000000E+00
 -0.21622200995933E-06  0.00000000000000E+00
 -0.92324944549268E-07  0.00000000000000E+00
 -0.11296281963229E-06  0.00000000000000E+00
 -0.18553646589511E-06  0.00000000000000E+00
 -0.61137364215963E-07  0.00000000000000E+00
 -0.59105533959767E-07  0.00000000000000E+00
 -0.47384030180734E-07  0.00000000000000E+00
 -0.43274588878857E-07  0.00000000000000E+00
 -0.71102450354465E-07  0.00000000000000E+00
 -0.31162767915622E-07  0.00000000000000E+00
 -0.41283186130621E-07  0.00000000000000E+00
 -0.24997923700244E-07  0.00000000000000E+00
  0.14480484366715E-08  0.00000000000000E+00
 -0.51645038602127E-08  0.00000000000000E+00
  0.16632311976335E-07  0.00000000000000E+00
  0.14784675959198E-07  0.00000000000000E+00
  0.37020762850595E-07  0.00000000000000E+00
  0.66033977803450E-08  0.00000000000000E+00
  0.11976021898755E-07  0.00000000000000E+00
  0.15296277150044E-07  0.00000000000000E+00
  0.39570643100629E-07  0.00000000000000E+00
  0.33809437548585E-07  0.00000000000000E+00
  0.17459777895324E-07  0.00000000000000E+00
  0.35105234706135E-07  0.00000000000000E+00
  0.19167964020089E-07  0.00000000000000E+00
  0.48950915116171E-07  0.00000000000000E+00
  0.21893879913980E-07  0.00000000000000E+00
  0.35278857029479E-07  0.00000000000000E+00
  0.20965233716347E-07  0.00000000000000E+00
  0.63499043586485E-07  0.00000000000000E+00
  0.21192723234201E-07  0.00000000000000E+00
  0.11007379165972E-07  0.00000000000000E+00
  0.18899152601348E-07  0.00000000000000E+00
  0.40186518177504E-07  0.00000000000000E+00
  0.26677909011619E-07  0.00000000000000E+00
  0.75955007909913E-08  0.00000000000000E+00
  0.13041290608948E-07  0.00000000000000E+00
  0.15173705483039E-07  0.00000000000000E+00
  0.91395319370603E-08  0.00000000000000E+00
  0.97981870383897E-09  0.00000000000000E+00
 -0.69391875978228E-09  0.00000000000000E+00
 -0.49682759601503E-08  0.00000000000000E+00
 -0.25872668518291E-08  0.00000000000000E+00
 -0.33890963559876E-08  0.00000000000000E+00
 -0.44494642194905E-08  0.00000000000000E+00
 -0.59704128635380E-08  0.00000000000000E+00
 -0.47181120308170E-08  0.00000000000000E+00
 -0.13863900328966E-07  0.00000000000000E+00
 -0.11878878509528E-07  0.00000000000000E+00
 -0.93057905580160E-08  0.00000000000000E+00
 -0.45539748972796E-08  0.00000000000000E+00
 -0.74495771154876E-08  0.00000000000000E+00
 -0.47755649700432E-08  0.00000000000000E+00
 -0.14013446756743E-08  0.00000000000000E+00
 -0.15837898632474E-08  0.00000000000000E+00
 -0.42640701870648E-09  0.00000000000000E+00
  0.39236126650288E-09  0.00000000000000E+00
  0.12803264251213E-08  0.00000000000000E+00
  0.15830899292177E-08  0.00000000000000E+00
  0.18240120414026E-08  0.00000000000000E+00
  0.21066443779333E-08  0.00000000000000E+00
  0.14321883210271E-08  0.00000000000000E+00
  0.89361270639630E-09  0.00000000000000E+00
 -0.59222411008176E-09  0.00000000000000E+00
 -0.59381691615045E-09  0.00000000000000E+00
 -0.56770817665191E-09  0.00000000000000E+00
 -0.83104710648950E-10  0.00000000000000E+00
  0.89342802540180E-10  0.00000000000000E+00
