# ACE/gr parameter file
#
@    version 50122
@    world xmin 0.25
@    world xmax 0.75
@    title font 5
@    xaxis  tick major 0.1
@    xaxis  tick minor 0.02
@    xaxis  label "(r-r\s1\N)/d"
@    xaxis  label font 5
@    xaxis  label char size 1.2
@    xaxis  ticklabel font 4
@    xaxis  ticklabel char size 1
@    yaxis  tick major .1
@    yaxis  tick minor .02
@    yaxis  label font 4
@    yaxis  label char size 1.2
@    yaxis  ticklabel font 5
@    yaxis  ticklabel char size 1
@    title "potential between neighbors"
@    yaxis  label "V(r) (Ry)"
@    world ymin -10.
@    world ymax   .0
@    yaxis  tick major 2
@    yaxis  tick minor 1
@ s0 color  1
@ s0 linestyle  1
@ legend string 0 "(1)-(1)"
@target s0
@type xy
  .1000000000 -34.44623531
  .1050000000 -31.35995225
  .1100000000 -28.62043580
  .1150000000 -26.17488275
  .1200000000 -23.98317100
  .1250000000 -22.01988726
  .1300000000 -20.24290652
  .1350000000 -18.64181981
  .1400000000 -17.18630378
  .1450000000 -15.87118549
  .1500000000 -14.66996848
  .1550000000 -13.57881674
  .1600000000 -12.58517197
  .1650000000 -11.67536958
  .1700000000 -10.84186835
  .1750000000 -10.07863724
  .1800000000 -9.381610668
  .1850000000 -8.740747766
  .1900000000 -8.150942386
  .1950000000 -7.607535987
  .2000000000 -7.106282835
  .2050000000 -6.643318475
  .2100000000 -6.215130740
  .2150000000 -5.818532720
  .2200000000 -5.450637325
  .2250000000 -5.108833158
  .2300000000 -4.791610451
  .2350000000 -4.497798152
  .2400000000 -4.223742995
  .2450000000 -3.967672426
  .2500000000 -3.727994735
  .2550000000 -3.503280904
  .2600000000 -3.294419741
  .2650000000 -3.099376575
  .2700000000 -2.915685908
  .2750000000 -2.742407464
  .2800000000 -2.581052771
  .2850000000 -2.429817245
  .2900000000 -2.286509821
  .2950000000 -2.151578677
  .3000000000 -2.026162268
  .3050000000 -1.906787271
  .3100000000 -1.794160925
  .3150000000 -1.689414677
  .3200000000 -1.589270876
  .3250000000 -1.495605607
  .3300000000 -1.407511103
  .3350000000 -1.322912398
  .3400000000 -1.245478816
  .3450000000 -1.170872305
  .3500000000 -1.101192579
  .3550000000 -1.035458131
  .3600000000 -.9729025195
  .3650000000 -.9150560453
  .3700000000 -.8590611764
  .3750000000 -.8082376964
  .3800000000 -.7586495071
  .3850000000 -.7137395230
  .3900000000 -.6700664674
  .3950000000 -.6304458818
  .4000000000 -.5920662344
  .4050000000 -.5573750541
  .4100000000 -.5237420686
  .4150000000 -.4936672125
  .4200000000 -.4642993440
  .4250000000 -.4385735251
  .4300000000 -.4131485999
  .4350000000 -.3914456919
  .4400000000 -.3700938523
  .4450000000 -.3517253381
  .4500000000 -.3342746413
  .4550000000 -.3189327935
  .4600000000 -.3052568235
  .4650000000 -.2926548470
  .4700000000 -.2826740415
  .4750000000 -.2727988550
  .4800000000 -.2704280801
  .4850000000 -.2650704482
  .4900000000 -.2612526117
  .4950000000 -.2589655345
  .5000000000 -.2582037803
  .5050000000 -.2589655345
  .5100000000 -.2612526117
  .5150000000 -.2650704482
  .5200000000 -.2704280801
  .5250000000 -.2727988550
  .5300000000 -.2826740415
  .5350000000 -.2926548470
  .5400000000 -.3052568235
  .5450000000 -.3189327935
  .5500000000 -.3342746413
  .5550000000 -.3517253381
  .5600000000 -.3700938523
  .5650000000 -.3914456919
  .5700000000 -.4131485999
  .5750000000 -.4385735251
  .5800000000 -.4642993440
  .5850000000 -.4936672125
  .5900000000 -.5237420686
  .5950000000 -.5573750541
  .6000000000 -.5920662344
  .6050000000 -.6304458818
  .6100000000 -.6700664674
  .6150000000 -.7137395230
  .6200000000 -.7586495071
  .6250000000 -.8082376964
  .6300000000 -.8590611764
  .6350000000 -.9150560453
  .6400000000 -.9729025195
  .6450000000 -1.035458131
  .6500000000 -1.101192579
  .6550000000 -1.170872305
  .6600000000 -1.245478816
  .6650000000 -1.322912398
  .6700000000 -1.407511103
  .6750000000 -1.495605607
  .6800000000 -1.589270876
  .6850000000 -1.689414677
  .6900000000 -1.794160925
  .6950000000 -1.906787271
  .7000000000 -2.026162268
  .7050000000 -2.151578677
  .7100000000 -2.286509821
  .7150000000 -2.429817245
  .7200000000 -2.581052771
  .7250000000 -2.742407464
  .7300000000 -2.915685908
  .7350000000 -3.099376575
  .7400000000 -3.294419741
  .7450000000 -3.503280904
  .7500000000 -3.727994735
  .7550000000 -3.967672426
  .7600000000 -4.223742995
  .7650000000 -4.497798152
  .7700000000 -4.791610451
  .7750000000 -5.108833158
  .7800000000 -5.450637325
  .7850000000 -5.818532720
  .7900000000 -6.215130740
  .7950000000 -6.643318475
  .8000000000 -7.106282835
  .8050000000 -7.607535987
  .8100000000 -8.150942386
  .8150000000 -8.740747766
  .8200000000 -9.381610668
  .8250000000 -10.07863724
  .8300000000 -10.84186835
  .8350000000 -11.67536958
  .8400000000 -12.58517197
  .8450000000 -13.57881674
  .8500000000 -14.66996848
  .8550000000 -15.87118549
  .8600000000 -17.18630378
  .8650000000 -18.64181981
  .8700000000 -20.24290652
  .8750000000 -22.01988726
  .8800000000 -23.98317100
  .8850000000 -26.17488275
  .8900000000 -28.62043580
  .8950000000 -31.35995225
&
@ s1 color  1
@ s1 linestyle  1
@target s1
@type xy
  .4753856227 -10.000
  .4753856227  10.000
  .5246143772  10.000
  .5246143772 -10.000
&
