# ACE/gr parameter file
#
@    version 50122
@    world xmin 0.25
@    world xmax 0.75
@    title font 5
@    xaxis  tick major 0.1
@    xaxis  tick minor 0.02
@    xaxis  label "(r-r\s1\N)/d"
@    xaxis  label font 5
@    xaxis  label char size 1.2
@    xaxis  ticklabel font 4
@    xaxis  ticklabel char size 1
@    yaxis  tick major .1
@    yaxis  tick minor .02
@    yaxis  label font 4
@    yaxis  label char size 1.2
@    yaxis  ticklabel font 5
@    yaxis  ticklabel char size 1
@    title "potential between neighbors"
@    yaxis  label "V(r) (Ry)"
@    world ymin -10.
@    world ymax   .0
@    yaxis  tick major 2
@    yaxis  tick minor 1
@ s0 color  1
@ s0 linestyle  1
@ legend string 0 "(1)-(1)"
@target s0
@type xy
  .1000000000 -110.8854873
  .1050000000 -105.6108993
  .1100000000 -100.8144729
  .1150000000 -96.43197195
  .1200000000 -92.41275476
  .1250000000 -88.72296708
  .1300000000 -85.30842288
  .1350000000 -82.15280535
  .1400000000 -79.21625630
  .1450000000 -76.48930137
  .1500000000 -73.93741690
  .1550000000 -71.55348401
  .1600000000 -69.32034081
  .1650000000 -67.21978294
  .1700000000 -65.24115886
  .1750000000 -63.37586158
  .1800000000 -61.61791150
  .1850000000 -59.95410382
  .1900000000 -58.37733300
  .1950000000 -56.88111452
  .2000000000 -55.45952215
  .2050000000 -54.10713269
  .2100000000 -52.81897712
  .2150000000 -51.59049732
  .2200000000 -50.41750762
  .2250000000 -49.29616052
  .2300000000 -48.22417460
  .2350000000 -47.19983660
  .2400000000 -46.21765107
  .2450000000 -45.27479500
  .2500000000 -44.36866390
  .2550000000 -43.49685334
  .2600000000 -42.66079084
  .2650000000 -41.85718122
  .2700000000 -41.08177267
  .2750000000 -40.33278048
  .2800000000 -39.61281015
  .2850000000 -38.91869964
  .2900000000 -38.24635097
  .2950000000 -37.59644219
  .3000000000 -36.97113216
  .3050000000 -36.36375996
  .3100000000 -35.77552244
  .3150000000 -35.20862786
  .3200000000 -34.65652172
  .3250000000 -34.12281938
  .3300000000 -33.60567941
  .3350000000 -33.10072783
  .3400000000 -32.61545781
  .3450000000 -32.14082426
  .3500000000 -31.68108731
  .3550000000 -31.23414381
  .3600000000 -30.79824420
  .3650000000 -30.37661213
  .3700000000 -29.96300151
  .3750000000 -29.56452444
  .3800000000 -29.17254999
  .3850000000 -28.79450540
  .3900000000 -28.42278281
  .3950000000 -28.06347393
  .4000000000 -27.71031785
  .4050000000 -27.36861228
  .4100000000 -27.03248590
  .4150000000 -26.70733903
  .4200000000 -26.38683922
  .4250000000 -26.07728548
  .4300000000 -25.77135234
  .4350000000 -25.47627509
  .4400000000 -25.18479020
  .4450000000 -24.90230546
  .4500000000 -24.62445998
  .4550000000 -24.35353242
  .4600000000 -24.08857457
  .4650000000 -23.82825593
  .4700000000 -23.57548613
  .4750000000 -23.32539119
  .4800000000 -.0022263768
  .4850000000 -.0020068235
  .4900000000 -.0018498381
  .4950000000 -.0017555870
  .5000000000 -.0017241606
  .5050000000 -.0017555870
  .5100000000 -.0018498381
  .5150000000 -.0020068235
  .5200000000 -.0022263768
  .5250000000 -23.32539119
  .5300000000 -23.57548613
  .5350000000 -23.82825593
  .5400000000 -24.08857457
  .5450000000 -24.35353242
  .5500000000 -24.62445998
  .5550000000 -24.90230546
  .5600000000 -25.18479020
  .5650000000 -25.47627509
  .5700000000 -25.77135234
  .5750000000 -26.07728548
  .5800000000 -26.38683922
  .5850000000 -26.70733903
  .5900000000 -27.03248590
  .5950000000 -27.36861228
  .6000000000 -27.71031785
  .6050000000 -28.06347393
  .6100000000 -28.42278281
  .6150000000 -28.79450540
  .6200000000 -29.17254999
  .6250000000 -29.56452444
  .6300000000 -29.96300151
  .6350000000 -30.37661213
  .6400000000 -30.79824420
  .6450000000 -31.23414381
  .6500000000 -31.68108731
  .6550000000 -32.14082426
  .6600000000 -32.61545781
  .6650000000 -33.10072783
  .6700000000 -33.60567941
  .6750000000 -34.12281938
  .6800000000 -34.65652172
  .6850000000 -35.20862786
  .6900000000 -35.77552244
  .6950000000 -36.36375996
  .7000000000 -36.97113216
  .7050000000 -37.59644219
  .7100000000 -38.24635097
  .7150000000 -38.91869964
  .7200000000 -39.61281015
  .7250000000 -40.33278048
  .7300000000 -41.08177267
  .7350000000 -41.85718122
  .7400000000 -42.66079084
  .7450000000 -43.49685334
  .7500000000 -44.36866390
  .7550000000 -45.27479500
  .7600000000 -46.21765107
  .7650000000 -47.19983660
  .7700000000 -48.22417460
  .7750000000 -49.29616052
  .7800000000 -50.41750762
  .7850000000 -51.59049732
  .7900000000 -52.81897712
  .7950000000 -54.10713269
  .8000000000 -55.45952215
  .8050000000 -56.88111452
  .8100000000 -58.37733300
  .8150000000 -59.95410382
  .8200000000 -61.61791150
  .8250000000 -63.37586158
  .8300000000 -65.24115886
  .8350000000 -67.21978294
  .8400000000 -69.32034081
  .8450000000 -71.55348401
  .8500000000 -73.93741690
  .8550000000 -76.48930137
  .8600000000 -79.21625630
  .8650000000 -82.15280535
  .8700000000 -85.30842288
  .8750000000 -88.72296708
  .8800000000 -92.41275476
  .8850000000 -96.43197195
  .8900000000 -100.8144729
  .8950000000 -105.6108993
&
@ s1 color  1
@ s1 linestyle  1
@target s1
@type xy
  .4753856227 -10.000
  .4753856227  10.000
  .5246143772  10.000
  .5246143772 -10.000
&
