#      order       spins
          48           2
#              Pi1               Pi2               Pi3                       p
# element 0
  1.00000000000000  .000000000000000  .000000000000000        .000000000000000
  .000000000000000  1.00000000000000  .000000000000000        .000000000000000
  .000000000000000  .000000000000000  1.00000000000000        .000000000000000
# element 1
  .000000000000000  .000000000000000 -1.00000000000000        .000000000000000
  1.00000000000000  .000000000000000  .000000000000000        .000000000000000
  .000000000000000 -1.00000000000000  .000000000000000        .000000000000000
# element 2
  .000000000000000  1.00000000000000  .000000000000000        .000000000000000
  .000000000000000  .000000000000000 -1.00000000000000        .000000000000000
 -1.00000000000000  .000000000000000  .000000000000000        .000000000000000
# element 3
 -1.00000000000000  .000000000000000  .000000000000000        .000000000000000
  .000000000000000  .000000000000000  1.00000000000000        .000000000000000
  .000000000000000  1.00000000000000  .000000000000000        .000000000000000
# element 4
  .000000000000000  .000000000000000  1.00000000000000        .000000000000000
  .000000000000000 -1.00000000000000  .000000000000000        .000000000000000
  1.00000000000000  .000000000000000  .000000000000000        .000000000000000
# element 5
  .000000000000000 -1.00000000000000  .000000000000000        .000000000000000
 -1.00000000000000  .000000000000000  .000000000000000        .000000000000000
  .000000000000000  .000000000000000 -1.00000000000000        .000000000000000
# element 6
  .000000000000000 -1.00000000000000  .000000000000000        .000000000000000
  .000000000000000  .000000000000000 -1.00000000000000        .000000000000000
  1.00000000000000  .000000000000000  .000000000000000        .000000000000000
# element 7
  .000000000000000  .000000000000000  1.00000000000000        .000000000000000
  1.00000000000000  .000000000000000  .000000000000000        .000000000000000
  .000000000000000  1.00000000000000  .000000000000000        .000000000000000
# element 8
 -1.00000000000000  .000000000000000  .000000000000000        .000000000000000
  .000000000000000  1.00000000000000  .000000000000000        .000000000000000
  .000000000000000  .000000000000000 -1.00000000000000        .000000000000000
# element 9
  .000000000000000  .000000000000000 -1.00000000000000        .000000000000000
  .000000000000000 -1.00000000000000  .000000000000000        .000000000000000
 -1.00000000000000  .000000000000000  .000000000000000        .000000000000000
# element 10
  .000000000000000  1.00000000000000  .000000000000000        .000000000000000
 -1.00000000000000  .000000000000000  .000000000000000        .000000000000000
  .000000000000000  .000000000000000  1.00000000000000        .000000000000000
# element 11
  1.00000000000000  .000000000000000  .000000000000000        .000000000000000
  .000000000000000  .000000000000000  1.00000000000000        .000000000000000
  .000000000000000 -1.00000000000000  .000000000000000        .000000000000000
# element 12
  1.00000000000000  .000000000000000  .000000000000000        .000000000000000
  .000000000000000 -1.00000000000000  .000000000000000        .000000000000000
  .000000000000000  .000000000000000 -1.00000000000000        .000000000000000
# element 13
  .000000000000000  1.00000000000000  .000000000000000        .000000000000000
  .000000000000000  .000000000000000  1.00000000000000        .000000000000000
  1.00000000000000  .000000000000000  .000000000000000        .000000000000000
# element 14
  .000000000000000  .000000000000000 -1.00000000000000        .000000000000000
 -1.00000000000000  .000000000000000  .000000000000000        .000000000000000
  .000000000000000  1.00000000000000  .000000000000000        .000000000000000
# element 15
  .000000000000000  1.00000000000000  .000000000000000        .000000000000000
  1.00000000000000  .000000000000000  .000000000000000        .000000000000000
  .000000000000000  .000000000000000 -1.00000000000000        .000000000000000
# element 16
  .000000000000000  .000000000000000 -1.00000000000000        .000000000000000
  .000000000000000  1.00000000000000  .000000000000000        .000000000000000
  1.00000000000000  .000000000000000  .000000000000000        .000000000000000
# element 17
  1.00000000000000  .000000000000000  .000000000000000        .000000000000000
  .000000000000000  .000000000000000 -1.00000000000000        .000000000000000
  .000000000000000  1.00000000000000  .000000000000000        .000000000000000
# element 18
 -1.00000000000000  .000000000000000  .000000000000000        .000000000000000
  .000000000000000  .000000000000000 -1.00000000000000        .000000000000000
  .000000000000000 -1.00000000000000  .000000000000000        .000000000000000
# element 19
  .000000000000000 -1.00000000000000  .000000000000000        .000000000000000
  1.00000000000000  .000000000000000  .000000000000000        .000000000000000
  .000000000000000  .000000000000000  1.00000000000000        .000000000000000
# element 20
  .000000000000000  .000000000000000  1.00000000000000        .000000000000000
  .000000000000000  1.00000000000000  .000000000000000        .000000000000000
 -1.00000000000000  .000000000000000  .000000000000000        .000000000000000
# element 21
  .000000000000000  .000000000000000  1.00000000000000        .000000000000000
 -1.00000000000000  .000000000000000  .000000000000000        .000000000000000
  .000000000000000 -1.00000000000000  .000000000000000        .000000000000000
# element 22
  .000000000000000 -1.00000000000000  .000000000000000        .000000000000000
  .000000000000000  .000000000000000  1.00000000000000        .000000000000000
 -1.00000000000000  .000000000000000  .000000000000000        .000000000000000
# element 23
 -1.00000000000000  .000000000000000  .000000000000000        .000000000000000
  .000000000000000 -1.00000000000000  .000000000000000        .000000000000000
  .000000000000000  .000000000000000  1.00000000000000        .000000000000000
# element 24
  1.00000000000000  .000000000000000  .000000000000000        .000000000000000
  .000000000000000  .000000000000000  1.00000000000000        .000000000000000
  .000000000000000  1.00000000000000  .000000000000000        .000000000000000
# element 25
  .000000000000000  .000000000000000  1.00000000000000        .000000000000000
  .000000000000000  1.00000000000000  .000000000000000        .000000000000000
  1.00000000000000  .000000000000000  .000000000000000        .000000000000000
# element 26
 -1.00000000000000  .000000000000000  .000000000000000        .000000000000000
  .000000000000000 -1.00000000000000  .000000000000000        .000000000000000
  .000000000000000  .000000000000000 -1.00000000000000        .000000000000000
# element 27
  .000000000000000  .000000000000000 -1.00000000000000        .000000000000000
  .000000000000000 -1.00000000000000  .000000000000000        .000000000000000
  1.00000000000000  .000000000000000  .000000000000000        .000000000000000
# element 28
  1.00000000000000  .000000000000000  .000000000000000        .000000000000000
  .000000000000000  .000000000000000 -1.00000000000000        .000000000000000
  .000000000000000 -1.00000000000000  .000000000000000        .000000000000000
# element 29
  .000000000000000  1.00000000000000  .000000000000000        .000000000000000
 -1.00000000000000  .000000000000000  .000000000000000        .000000000000000
  .000000000000000  .000000000000000 -1.00000000000000        .000000000000000
# element 30
  .000000000000000 -1.00000000000000  .000000000000000        .000000000000000
  1.00000000000000  .000000000000000  .000000000000000        .000000000000000
  .000000000000000  .000000000000000 -1.00000000000000        .000000000000000
# element 31
  .000000000000000  .000000000000000 -1.00000000000000        .000000000000000
  1.00000000000000  .000000000000000  .000000000000000        .000000000000000
  .000000000000000  1.00000000000000  .000000000000000        .000000000000000
# element 32
  .000000000000000  1.00000000000000  .000000000000000        .000000000000000
  .000000000000000  .000000000000000 -1.00000000000000        .000000000000000
  1.00000000000000  .000000000000000  .000000000000000        .000000000000000
# element 33
 -1.00000000000000  .000000000000000  .000000000000000        .000000000000000
  .000000000000000  .000000000000000 -1.00000000000000        .000000000000000
  .000000000000000  1.00000000000000  .000000000000000        .000000000000000
# element 34
  1.00000000000000  .000000000000000  .000000000000000        .000000000000000
  .000000000000000  1.00000000000000  .000000000000000        .000000000000000
  .000000000000000  .000000000000000 -1.00000000000000        .000000000000000
# element 35
  .000000000000000  .000000000000000 -1.00000000000000        .000000000000000
  .000000000000000  1.00000000000000  .000000000000000        .000000000000000
 -1.00000000000000  .000000000000000  .000000000000000        .000000000000000
# element 36
  .000000000000000  1.00000000000000  .000000000000000        .000000000000000
  .000000000000000  .000000000000000  1.00000000000000        .000000000000000
 -1.00000000000000  .000000000000000  .000000000000000        .000000000000000
# element 37
 -1.00000000000000  .000000000000000  .000000000000000        .000000000000000
  .000000000000000  1.00000000000000  .000000000000000        .000000000000000
  .000000000000000  .000000000000000  1.00000000000000        .000000000000000
# element 38
  .000000000000000  .000000000000000  1.00000000000000        .000000000000000
  1.00000000000000  .000000000000000  .000000000000000        .000000000000000
  .000000000000000 -1.00000000000000  .000000000000000        .000000000000000
# element 39
  .000000000000000 -1.00000000000000  .000000000000000        .000000000000000
  .000000000000000  .000000000000000  1.00000000000000        .000000000000000
  1.00000000000000  .000000000000000  .000000000000000        .000000000000000
# element 40
  .000000000000000  .000000000000000 -1.00000000000000        .000000000000000
 -1.00000000000000  .000000000000000  .000000000000000        .000000000000000
  .000000000000000 -1.00000000000000  .000000000000000        .000000000000000
# element 41
  .000000000000000 -1.00000000000000  .000000000000000        .000000000000000
  .000000000000000  .000000000000000 -1.00000000000000        .000000000000000
 -1.00000000000000  .000000000000000  .000000000000000        .000000000000000
# element 42
  .000000000000000 -1.00000000000000  .000000000000000        .000000000000000
 -1.00000000000000  .000000000000000  .000000000000000        .000000000000000
  .000000000000000  .000000000000000  1.00000000000000        .000000000000000
# element 43
  .000000000000000  1.00000000000000  .000000000000000        .000000000000000
  1.00000000000000  .000000000000000  .000000000000000        .000000000000000
  .000000000000000  .000000000000000  1.00000000000000        .000000000000000
# element 44
  .000000000000000  .000000000000000  1.00000000000000        .000000000000000
 -1.00000000000000  .000000000000000  .000000000000000        .000000000000000
  .000000000000000  1.00000000000000  .000000000000000        .000000000000000
# element 45
  .000000000000000  .000000000000000  1.00000000000000        .000000000000000
  .000000000000000 -1.00000000000000  .000000000000000        .000000000000000
 -1.00000000000000  .000000000000000  .000000000000000        .000000000000000
# element 46
  1.00000000000000  .000000000000000  .000000000000000        .000000000000000
  .000000000000000 -1.00000000000000  .000000000000000        .000000000000000
  .000000000000000  .000000000000000  1.00000000000000        .000000000000000
# element 47
 -1.00000000000000  .000000000000000  .000000000000000        .000000000000000
  .000000000000000  .000000000000000  1.00000000000000        .000000000000000
  .000000000000000 -1.00000000000000  .000000000000000        .000000000000000
#      types
           1
# type 0
           1 # site(s)
  .000000000000000  .000000000000000  .000000000000000       #     tau 0
  .000000000000000  .000000000000000  .000000000000000     1 #     alpha, beta, gamma, inversion
           4 # harmonics
#    L     n     m                ar                ai
     0     1     0  1.00000000000000  .000000000000000 # harmonic 0
     4     3    -4  .456435464587638  .000000000000000 # harmonic 1
                 0  .763762615825973  .000000000000000
                 4  .456435464587638  .000000000000000
     6     3    -4  .661437827766147  .000000000000000 # harmonic 2
                 0 -.353553390593274  .000000000000000
                 4  .661437827766147  .000000000000000
     8     5    -8  .411425367877739  .000000000000000 # harmonic 3
                -4  .270030862433661  .000000000000000
                 0  .718070330817253  .000000000000000
                 4  .270030862433661  .000000000000000
                 8  .411425367877739  .000000000000000
