 (2i12)
         325          24
 (3e24.16 / e24.16)
  0.1771544941704528E+00  0.0000000000000000E+00 -0.9841830547185879E+00
  0.1017474015669083E-01
  0.1715888599717608E+00  0.4405653116599683E-01 -0.9841830547185879E+00
  0.1017474015669083E-01
  0.1552416666413595E+00  0.8534482845024653E-01 -0.9841830547185879E+00
  0.1017474015669083E-01
  0.1291400684569694E+00  0.1212705962866442E+00 -0.9841830547185879E+00
  0.1017474015669083E-01
  0.9492412482747904E-01  0.1495764865562972E+00 -0.9841830547185879E+00
  0.1017474015669083E-01
  0.5474374932856747E-01  0.1684839360717809E+00 -0.9841830547185879E+00
  0.1017474015669083E-01
  0.1112362272591544E-01  0.1768049202433023E+00 -0.9841830547185879E+00
  0.1017474015669083E-01
 -0.3319544200242857E-01  0.1740166010329256E+00 -0.9841830547185879E+00
  0.1017474015669083E-01
 -0.7542871502546419E-01  0.1602941787913594E+00 -0.9841830547185879E+00
  0.1017474015669083E-01
 -0.1129225244760410E+00  0.1364998837755802E+00 -0.9841830547185879E+00
  0.1017474015669083E-01
 -0.1433209964137938E+00  0.1041287990507251E+00 -0.9841830547185879E+00
  0.1017474015669083E-01
 -0.1647140830491143E+00  0.6521491892257829E-01 -0.9841830547185879E+00
  0.1017474015669083E-01
 -0.1757575780704362E+00  0.2220334559483151E-01 -0.9841830547185879E+00
  0.1017474015669083E-01
 -0.1757575780704362E+00 -0.2220334559483154E-01 -0.9841830547185879E+00
  0.1017474015669083E-01
 -0.1647140830491143E+00 -0.6521491892257839E-01 -0.9841830547185879E+00
  0.1017474015669083E-01
 -0.1433209964137938E+00 -0.1041287990507251E+00 -0.9841830547185879E+00
  0.1017474015669083E-01
 -0.1129225244760410E+00 -0.1364998837755803E+00 -0.9841830547185879E+00
  0.1017474015669083E-01
 -0.7542871502546410E-01 -0.1602941787913595E+00 -0.9841830547185879E+00
  0.1017474015669083E-01
 -0.3319544200242854E-01 -0.1740166010329256E+00 -0.9841830547185879E+00
  0.1017474015669083E-01
  0.1112362272591551E-01 -0.1768049202433023E+00 -0.9841830547185879E+00
  0.1017474015669083E-01
  0.5474374932856743E-01 -0.1684839360717809E+00 -0.9841830547185879E+00
  0.1017474015669083E-01
  0.9492412482747908E-01 -0.1495764865562972E+00 -0.9841830547185879E+00
  0.1017474015669083E-01
  0.1291400684569695E+00 -0.1212705962866441E+00 -0.9841830547185879E+00
  0.1017474015669083E-01
  0.1552416666413595E+00 -0.8534482845024653E-01 -0.9841830547185879E+00
  0.1017474015669083E-01
  0.1715888599717608E+00 -0.4405653116599677E-01 -0.9841830547185879E+00
  0.1017474015669083E-01
  0.3975087140471620E+00  0.0000000000000000E+00 -0.9175983992229779E+00
  0.2315265817022323E-01
  0.3850202468279773E+00  0.9885639724343526E-01 -0.9175983992229779E+00
  0.2315265817022323E-01
  0.3483395414951741E+00  0.1915012834796684E+00 -0.9175983992229779E+00
  0.2315265817022323E-01
  0.2897713816670101E+00  0.2721134397824195E+00 -0.9175983992229779E+00
  0.2315265817022323E-01
  0.2129958202241133E+00  0.3356277079004140E+00 -0.9175983992229779E+00
  0.2315265817022323E-01
  0.1228369480527045E+00  0.3780532527786603E+00 -0.9175983992229779E+00
  0.2315265817022323E-01
  0.2495977867245055E-01  0.3967243214022184E+00 -0.9175983992229779E+00
  0.2315265817022323E-01
 -0.7448570539743821E-01  0.3904677418620832E+00 -0.9175983992229779E+00
  0.2315265817022323E-01
 -0.1692509786579437E+00  0.3596766380608514E+00 -0.9175983992229779E+00
  0.2315265817022323E-01
 -0.2533815904678131E+00  0.3062857282921128E+00 -0.9175983992229779E+00
  0.2315265817022323E-01
 -0.3215913050762854E+00  0.2336497597746677E+00 -0.9175983992229779E+00
  0.2315265817022323E-01
 -0.3695942552567281E+00  0.1463327175468730E+00 -0.9175983992229779E+00
  0.2315265817022323E-01
 -0.3943742391068024E+00  0.4982105250151913E-01 -0.9175983992229779E+00
  0.2315265817022323E-01
 -0.3943742391068024E+00 -0.4982105250151921E-01 -0.9175983992229779E+00
  0.2315265817022323E-01
 -0.3695942552567281E+00 -0.1463327175468732E+00 -0.9175983992229779E+00
  0.2315265817022323E-01
 -0.3215913050762854E+00 -0.2336497597746678E+00 -0.9175983992229779E+00
  0.2315265817022323E-01
 -0.2533815904678129E+00 -0.3062857282921128E+00 -0.9175983992229779E+00
  0.2315265817022323E-01
 -0.1692509786579435E+00 -0.3596766380608515E+00 -0.9175983992229779E+00
  0.2315265817022323E-01
 -0.7448570539743812E-01 -0.3904677418620833E+00 -0.9175983992229779E+00
  0.2315265817022323E-01
  0.2495977867245071E-01 -0.3967243214022184E+00 -0.9175983992229779E+00
  0.2315265817022323E-01
  0.1228369480527044E+00 -0.3780532527786603E+00 -0.9175983992229779E+00
  0.2315265817022323E-01
  0.2129958202241133E+00 -0.3356277079004140E+00 -0.9175983992229779E+00
  0.2315265817022323E-01
  0.2897713816670102E+00 -0.2721134397824193E+00 -0.9175983992229779E+00
  0.2315265817022323E-01
  0.3483395414951741E+00 -0.1915012834796684E+00 -0.9175983992229779E+00
  0.2315265817022323E-01
  0.3850202468279773E+00 -0.9885639724343513E-01 -0.9175983992229779E+00
  0.2315265817022323E-01
  0.5978900939607058E+00  0.0000000000000000E+00 -0.8015780907333099E+00
  0.3490271995879336E-01
  0.5791062772159546E+00  0.1486892200040724E+00 -0.8015780907333099E+00
  0.3490271995879336E-01
  0.5239350832698197E+00  0.2880357494745898E+00 -0.8015780907333099E+00
  0.3490271995879336E-01
  0.4358431211433945E+00  0.4092839334842329E+00 -0.8015780907333099E+00
  0.3490271995879336E-01
  0.3203655327966561E+00  0.5048153027120476E+00 -0.8015780907333099E+00
  0.3490271995879336E-01
  0.1847581998022922E+00  0.5686272698896508E+00 -0.8015780907333099E+00
  0.3490271995879336E-01
  0.3754182962122266E-01  0.5967102944352751E+00 -0.8015780907333099E+00
  0.3490271995879336E-01
 -0.1120334317841396E+00  0.5872998166345790E+00 -0.8015780907333099E+00
  0.3490271995879336E-01
 -0.2545692206403641E+00  0.5409871314170969E+00 -0.8015780907333099E+00
  0.3490271995879336E-01
 -0.3811094891236521E+00  0.4606822351211848E+00 -0.8015780907333099E+00
  0.3490271995879336E-01
 -0.4837032467826451E+00  0.3514309797218640E+00 -0.8015780907333099E+00
  0.3490271995879336E-01
 -0.5559041505101815E+00  0.2200980233938848E+00 -0.8015780907333099E+00
  0.3490271995879336E-01
 -0.5931755519887107E+00  0.7493549879216085E-01 -0.8015780907333099E+00
  0.3490271995879336E-01
 -0.5931755519887107E+00 -0.7493549879216098E-01 -0.8015780907333099E+00
  0.3490271995879336E-01
 -0.5559041505101814E+00 -0.2200980233938851E+00 -0.8015780907333099E+00
  0.3490271995879336E-01
 -0.4837032467826450E+00 -0.3514309797218640E+00 -0.8015780907333099E+00
  0.3490271995879336E-01
 -0.3811094891236519E+00 -0.4606822351211848E+00 -0.8015780907333099E+00
  0.3490271995879336E-01
 -0.2545692206403637E+00 -0.5409871314170971E+00 -0.8015780907333099E+00
  0.3490271995879336E-01
 -0.1120334317841395E+00 -0.5872998166345791E+00 -0.8015780907333099E+00
  0.3490271995879336E-01
  0.3754182962122291E-01 -0.5967102944352751E+00 -0.8015780907333099E+00
  0.3490271995879336E-01
  0.1847581998022921E+00 -0.5686272698896510E+00 -0.8015780907333099E+00
  0.3490271995879336E-01
  0.3203655327966562E+00 -0.5048153027120476E+00 -0.8015780907333099E+00
  0.3490271995879336E-01
  0.4358431211433947E+00 -0.4092839334842326E+00 -0.8015780907333099E+00
  0.3490271995879336E-01
  0.5239350832698197E+00 -0.2880357494745898E+00 -0.8015780907333099E+00
  0.3490271995879336E-01
  0.5791062772159548E+00 -0.1486892200040722E+00 -0.8015780907333099E+00
  0.3490271995879336E-01
  0.7664119819787256E+00  0.0000000000000000E+00 -0.6423493394403403E+00
  0.4477296835423029E-01
  0.7423337402318135E+00  0.1905989093200820E+00 -0.6423493394403403E+00
  0.4477296835423029E-01
  0.6716119394736144E+00  0.3692217881938287E+00 -0.6423493394403403E+00
  0.4477296835423029E-01
  0.5586902905423552E+00  0.5246451042126070E+00 -0.6423493394403403E+00
  0.4477296835423029E-01
  0.4106640759371610E+00  0.6471030388239851E+00 -0.6423493394403403E+00
  0.4477296835423029E-01
  0.2368343271240122E+00  0.7289011096275507E+00 -0.6423493394403403E+00
  0.4477296835423029E-01
  0.4812340652193488E-01  0.7648996430024549E+00 -0.6423493394403403E+00
  0.4477296835423029E-01
 -0.1436112846974245E+00  0.7528367187034076E+00 -0.6423493394403403E+00
  0.4477296835423029E-01
 -0.3263223507338850E+00  0.6934702946284503E+00 -0.6423493394403403E+00
  0.4477296835423029E-01
 -0.4885293833440802E+00  0.5905305815366476E+00 -0.6423493394403403E+00
  0.4477296835423029E-01
 -0.6200403181133749E+00  0.4504856601873397E+00 -0.6423493394403403E+00
  0.4477296835423029E-01
 -0.7125918393468295E+00  0.2821350680380957E+00 -0.6423493394403403E+00
  0.4477296835423029E-01
 -0.7603685945846603E+00  0.9605689194382083E-01 -0.6423493394403403E+00
  0.4477296835423029E-01
 -0.7603685945846603E+00 -0.9605689194382099E-01 -0.6423493394403403E+00
  0.4477296835423029E-01
 -0.7125918393468292E+00 -0.2821350680380961E+00 -0.6423493394403403E+00
  0.4477296835423029E-01
 -0.6200403181133748E+00 -0.4504856601873398E+00 -0.6423493394403403E+00
  0.4477296835423029E-01
 -0.4885293833440800E+00 -0.5905305815366477E+00 -0.6423493394403403E+00
  0.4477296835423029E-01
 -0.3263223507338847E+00 -0.6934702946284506E+00 -0.6423493394403403E+00
  0.4477296835423029E-01
 -0.1436112846974243E+00 -0.7528367187034077E+00 -0.6423493394403403E+00
  0.4477296835423029E-01
  0.4812340652193520E-01 -0.7648996430024549E+00 -0.6423493394403403E+00
  0.4477296835423029E-01
  0.2368343271240120E+00 -0.7289011096275508E+00 -0.6423493394403403E+00
  0.4477296835423029E-01
  0.4106640759371612E+00 -0.6471030388239851E+00 -0.6423493394403403E+00
  0.4477296835423029E-01
  0.5586902905423555E+00 -0.5246451042126066E+00 -0.6423493394403403E+00
  0.4477296835423029E-01
  0.6716119394736144E+00 -0.3692217881938287E+00 -0.6423493394403403E+00
  0.4477296835423029E-01
  0.7423337402318135E+00 -0.1905989093200818E+00 -0.6423493394403403E+00
  0.4477296835423029E-01
  0.8937864690560937E+00  0.0000000000000000E+00 -0.4484927510364469E+00
  0.5222986945924913E-01
  0.8657065235723487E+00  0.2222756561390339E+00 -0.4484927510364469E+00
  0.5222986945924913E-01
  0.7832310533666729E+00  0.4305849153301722E+00 -0.4484927510364469E+00
  0.5222986945924913E-01
  0.6515422955556506E+00  0.6118389407105704E+00 -0.4484927510364469E+00
  0.5222986945924913E-01
  0.4789147391099208E+00  0.7546488752599025E+00 -0.4484927510364469E+00
  0.5222986945924913E-01
  0.2761952082807110E+00  0.8500414455722345E+00 -0.4484927510364469E+00
  0.5222986945924913E-01
  0.5612131674030264E-01  0.8920227856255097E+00 -0.4484927510364469E+00
  0.5222986945924913E-01
 -0.1674788835306641E+00  0.8779550534276124E+00 -0.4484927510364469E+00
  0.5222986945924913E-01
 -0.3805557696051514E+00  0.8087221763300364E+00 -0.4484927510364469E+00
  0.5222986945924913E-01
 -0.5697209370891291E+00  0.6886743106215334E+00 -0.4484927510364469E+00
  0.5222986945924913E-01
 -0.7230884428087578E+00  0.5253545052097349E+00 -0.4484927510364469E+00
  0.5222986945924913E-01
 -0.8310216423334432E+00  0.3290247441168921E+00 -0.4484927510364469E+00
  0.5222986945924913E-01
 -0.8867386957865082E+00  0.1120211482828220E+00 -0.4484927510364469E+00
  0.5222986945924913E-01
 -0.8867386957865082E+00 -0.1120211482828222E+00 -0.4484927510364469E+00
  0.5222986945924913E-01
 -0.8310216423334430E+00 -0.3290247441168926E+00 -0.4484927510364469E+00
  0.5222986945924913E-01
 -0.7230884428087577E+00 -0.5253545052097349E+00 -0.4484927510364469E+00
  0.5222986945924913E-01
 -0.5697209370891289E+00 -0.6886743106215335E+00 -0.4484927510364469E+00
  0.5222986945924913E-01
 -0.3805557696051509E+00 -0.8087221763300367E+00 -0.4484927510364469E+00
  0.5222986945924913E-01
 -0.1674788835306639E+00 -0.8779550534276125E+00 -0.4484927510364469E+00
  0.5222986945924913E-01
  0.5612131674030300E-01 -0.8920227856255097E+00 -0.4484927510364469E+00
  0.5222986945924913E-01
  0.2761952082807109E+00 -0.8500414455722346E+00 -0.4484927510364469E+00
  0.5222986945924913E-01
  0.4789147391099209E+00 -0.7546488752599025E+00 -0.4484927510364469E+00
  0.5222986945924913E-01
  0.6515422955556509E+00 -0.6118389407105701E+00 -0.4484927510364469E+00
  0.5222986945924913E-01
  0.7832310533666729E+00 -0.4305849153301722E+00 -0.4484927510364469E+00
  0.5222986945924913E-01
  0.8657065235723488E+00 -0.2222756561390337E+00 -0.4484927510364469E+00
  0.5222986945924913E-01
  0.9730821982788110E+00  0.0000000000000000E+00 -0.2304583159551348E+00
  0.5687116613951659E-01
  0.9425110316468882E+00  0.2419957020920864E+00 -0.2304583159551348E+00
  0.5687116613951659E-01
  0.8527184305834895E+00  0.4687859242237911E+00 -0.2304583159551348E+00
  0.5687116613951659E-01
  0.7093463944475147E+00  0.6661206026624865E+00 -0.2304583159551348E+00
  0.5687116613951659E-01
  0.5214035155548518E+00  0.8216004738156890E+00 -0.2304583159551348E+00
  0.5687116613951659E-01
  0.3006989361918849E+00  0.9254561655638759E+00 -0.2304583159551348E+00
  0.5687116613951659E-01
  0.6110033677465281E-01  0.9711620428399924E+00 -0.2304583159551348E+00
  0.5687116613951659E-01
 -0.1823374215134506E+00  0.9558462372803219E+00 -0.2304583159551348E+00
  0.5687116613951659E-01
 -0.4143182490177358E+00  0.8804710972757713E+00 -0.2304583159551348E+00
  0.5687116613951659E-01
 -0.6202659371803053E+00  0.7497727200832002E+00 -0.2304583159551348E+00
  0.5687116613951659E-01
 -0.7872400353312903E+00  0.5719633654166254E+00 -0.2304583159551348E+00
  0.5687116613951659E-01
 -0.9047489467960876E+00  0.3582154489668102E+00 -0.2304583159551348E+00
  0.5687116613951659E-01
 -0.9654091544998181E+00  0.1219595384341447E+00 -0.2304583159551348E+00
  0.5687116613951659E-01
 -0.9654091544998181E+00 -0.1219595384341449E+00 -0.2304583159551348E+00
  0.5687116613951659E-01
 -0.9047489467960874E+00 -0.3582154489668107E+00 -0.2304583159551348E+00
  0.5687116613951659E-01
 -0.7872400353312902E+00 -0.5719633654166255E+00 -0.2304583159551348E+00
  0.5687116613951659E-01
 -0.6202659371803051E+00 -0.7497727200832003E+00 -0.2304583159551348E+00
  0.5687116613951659E-01
 -0.4143182490177352E+00 -0.8804710972757717E+00 -0.2304583159551348E+00
  0.5687116613951659E-01
 -0.1823374215134504E+00 -0.9558462372803220E+00 -0.2304583159551348E+00
  0.5687116613951659E-01
  0.6110033677465321E-01 -0.9711620428399924E+00 -0.2304583159551348E+00
  0.5687116613951659E-01
  0.3006989361918846E+00 -0.9254561655638760E+00 -0.2304583159551348E+00
  0.5687116613951659E-01
  0.5214035155548520E+00 -0.8216004738156889E+00 -0.2304583159551348E+00
  0.5687116613951659E-01
  0.7093463944475150E+00 -0.6661206026624861E+00 -0.2304583159551348E+00
  0.5687116613951659E-01
  0.8527184305834895E+00 -0.4687859242237911E+00 -0.2304583159551348E+00
  0.5687116613951659E-01
  0.9425110316468883E+00 -0.2419957020920861E+00 -0.2304583159551348E+00
  0.5687116613951659E-01
  0.1000000000000000E+01  0.0000000000000000E+00  0.0000000000000000E+00
  0.5844658009695839E-01
  0.9685831611286311E+00  0.2486898871648548E+00  0.0000000000000000E+00
  0.5844658009695839E-01
  0.8763066800438636E+00  0.4817536741017153E+00  0.0000000000000000E+00
  0.5844658009695839E-01
  0.7289686274214116E+00  0.6845471059286887E+00  0.0000000000000000E+00
  0.5844658009695839E-01
  0.5358267949789965E+00  0.8443279255020151E+00  0.0000000000000000E+00
  0.5844658009695839E-01
  0.3090169943749475E+00  0.9510565162951535E+00  0.0000000000000000E+00
  0.5844658009695839E-01
  0.6279051952931330E-01  0.9980267284282716E+00  0.0000000000000000E+00
  0.5844658009695839E-01
 -0.1873813145857248E+00  0.9822872507286886E+00  0.0000000000000000E+00
  0.5844658009695839E-01
 -0.4257792915650727E+00  0.9048270524660195E+00  0.0000000000000000E+00
  0.5844658009695839E-01
 -0.6374239897486897E+00  0.7705132427757893E+00  0.0000000000000000E+00
  0.5844658009695839E-01
 -0.8090169943749473E+00  0.5877852522924732E+00  0.0000000000000000E+00
  0.5844658009695839E-01
 -0.9297764858882515E+00  0.3681245526846778E+00  0.0000000000000000E+00
  0.5844658009695839E-01
 -0.9921147013144779E+00  0.1253332335643041E+00  0.0000000000000000E+00
  0.5844658009695839E-01
 -0.9921147013144779E+00 -0.1253332335643043E+00  0.0000000000000000E+00
  0.5844658009695839E-01
 -0.9297764858882512E+00 -0.3681245526846783E+00  0.0000000000000000E+00
  0.5844658009695839E-01
 -0.8090169943749472E+00 -0.5877852522924734E+00  0.0000000000000000E+00
  0.5844658009695839E-01
 -0.6374239897486895E+00 -0.7705132427757894E+00  0.0000000000000000E+00
  0.5844658009695839E-01
 -0.4257792915650722E+00 -0.9048270524660198E+00  0.0000000000000000E+00
  0.5844658009695839E-01
 -0.1873813145857246E+00 -0.9822872507286887E+00  0.0000000000000000E+00
  0.5844658009695839E-01
  0.6279051952931372E-01 -0.9980267284282716E+00  0.0000000000000000E+00
  0.5844658009695839E-01
  0.3090169943749472E+00 -0.9510565162951536E+00  0.0000000000000000E+00
  0.5844658009695839E-01
  0.5358267949789968E+00 -0.8443279255020150E+00  0.0000000000000000E+00
  0.5844658009695839E-01
  0.7289686274214119E+00 -0.6845471059286883E+00  0.0000000000000000E+00
  0.5844658009695839E-01
  0.8763066800438636E+00 -0.4817536741017153E+00  0.0000000000000000E+00
  0.5844658009695839E-01
  0.9685831611286312E+00 -0.2486898871648545E+00  0.0000000000000000E+00
  0.5844658009695839E-01
  0.9730821982788110E+00  0.0000000000000000E+00  0.2304583159551348E+00
  0.5687116613952155E-01
  0.9425110316468882E+00  0.2419957020920864E+00  0.2304583159551348E+00
  0.5687116613952155E-01
  0.8527184305834895E+00  0.4687859242237911E+00  0.2304583159551348E+00
  0.5687116613952155E-01
  0.7093463944475147E+00  0.6661206026624865E+00  0.2304583159551348E+00
  0.5687116613952155E-01
  0.5214035155548518E+00  0.8216004738156890E+00  0.2304583159551348E+00
  0.5687116613952155E-01
  0.3006989361918849E+00  0.9254561655638759E+00  0.2304583159551348E+00
  0.5687116613952155E-01
  0.6110033677465281E-01  0.9711620428399924E+00  0.2304583159551348E+00
  0.5687116613952155E-01
 -0.1823374215134506E+00  0.9558462372803219E+00  0.2304583159551348E+00
  0.5687116613952155E-01
 -0.4143182490177358E+00  0.8804710972757713E+00  0.2304583159551348E+00
  0.5687116613952155E-01
 -0.6202659371803053E+00  0.7497727200832002E+00  0.2304583159551348E+00
  0.5687116613952155E-01
 -0.7872400353312903E+00  0.5719633654166254E+00  0.2304583159551348E+00
  0.5687116613952155E-01
 -0.9047489467960876E+00  0.3582154489668102E+00  0.2304583159551348E+00
  0.5687116613952155E-01
 -0.9654091544998181E+00  0.1219595384341447E+00  0.2304583159551348E+00
  0.5687116613952155E-01
 -0.9654091544998181E+00 -0.1219595384341449E+00  0.2304583159551348E+00
  0.5687116613952155E-01
 -0.9047489467960874E+00 -0.3582154489668107E+00  0.2304583159551348E+00
  0.5687116613952155E-01
 -0.7872400353312902E+00 -0.5719633654166255E+00  0.2304583159551348E+00
  0.5687116613952155E-01
 -0.6202659371803051E+00 -0.7497727200832003E+00  0.2304583159551348E+00
  0.5687116613952155E-01
 -0.4143182490177352E+00 -0.8804710972757717E+00  0.2304583159551348E+00
  0.5687116613952155E-01
 -0.1823374215134504E+00 -0.9558462372803220E+00  0.2304583159551348E+00
  0.5687116613952155E-01
  0.6110033677465321E-01 -0.9711620428399924E+00  0.2304583159551348E+00
  0.5687116613952155E-01
  0.3006989361918846E+00 -0.9254561655638760E+00  0.2304583159551348E+00
  0.5687116613952155E-01
  0.5214035155548520E+00 -0.8216004738156889E+00  0.2304583159551348E+00
  0.5687116613952155E-01
  0.7093463944475150E+00 -0.6661206026624861E+00  0.2304583159551348E+00
  0.5687116613952155E-01
  0.8527184305834895E+00 -0.4687859242237911E+00  0.2304583159551348E+00
  0.5687116613952155E-01
  0.9425110316468883E+00 -0.2419957020920861E+00  0.2304583159551348E+00
  0.5687116613952155E-01
  0.8937864690560937E+00  0.0000000000000000E+00  0.4484927510364469E+00
  0.5222986945924334E-01
  0.8657065235723487E+00  0.2222756561390339E+00  0.4484927510364469E+00
  0.5222986945924334E-01
  0.7832310533666729E+00  0.4305849153301722E+00  0.4484927510364469E+00
  0.5222986945924334E-01
  0.6515422955556506E+00  0.6118389407105704E+00  0.4484927510364469E+00
  0.5222986945924334E-01
  0.4789147391099208E+00  0.7546488752599025E+00  0.4484927510364469E+00
  0.5222986945924334E-01
  0.2761952082807110E+00  0.8500414455722345E+00  0.4484927510364469E+00
  0.5222986945924334E-01
  0.5612131674030264E-01  0.8920227856255097E+00  0.4484927510364469E+00
  0.5222986945924334E-01
 -0.1674788835306641E+00  0.8779550534276124E+00  0.4484927510364469E+00
  0.5222986945924334E-01
 -0.3805557696051514E+00  0.8087221763300364E+00  0.4484927510364469E+00
  0.5222986945924334E-01
 -0.5697209370891291E+00  0.6886743106215334E+00  0.4484927510364469E+00
  0.5222986945924334E-01
 -0.7230884428087578E+00  0.5253545052097349E+00  0.4484927510364469E+00
  0.5222986945924334E-01
 -0.8310216423334432E+00  0.3290247441168921E+00  0.4484927510364469E+00
  0.5222986945924334E-01
 -0.8867386957865082E+00  0.1120211482828220E+00  0.4484927510364469E+00
  0.5222986945924334E-01
 -0.8867386957865082E+00 -0.1120211482828222E+00  0.4484927510364469E+00
  0.5222986945924334E-01
 -0.8310216423334430E+00 -0.3290247441168926E+00  0.4484927510364469E+00
  0.5222986945924334E-01
 -0.7230884428087577E+00 -0.5253545052097349E+00  0.4484927510364469E+00
  0.5222986945924334E-01
 -0.5697209370891289E+00 -0.6886743106215335E+00  0.4484927510364469E+00
  0.5222986945924334E-01
 -0.3805557696051509E+00 -0.8087221763300367E+00  0.4484927510364469E+00
  0.5222986945924334E-01
 -0.1674788835306639E+00 -0.8779550534276125E+00  0.4484927510364469E+00
  0.5222986945924334E-01
  0.5612131674030300E-01 -0.8920227856255097E+00  0.4484927510364469E+00
  0.5222986945924334E-01
  0.2761952082807109E+00 -0.8500414455722346E+00  0.4484927510364469E+00
  0.5222986945924334E-01
  0.4789147391099209E+00 -0.7546488752599025E+00  0.4484927510364469E+00
  0.5222986945924334E-01
  0.6515422955556509E+00 -0.6118389407105701E+00  0.4484927510364469E+00
  0.5222986945924334E-01
  0.7832310533666729E+00 -0.4305849153301722E+00  0.4484927510364469E+00
  0.5222986945924334E-01
  0.8657065235723488E+00 -0.2222756561390337E+00  0.4484927510364469E+00
  0.5222986945924334E-01
  0.7664119819787256E+00  0.0000000000000000E+00  0.6423493394403403E+00
  0.4477296835423365E-01
  0.7423337402318135E+00  0.1905989093200820E+00  0.6423493394403403E+00
  0.4477296835423365E-01
  0.6716119394736144E+00  0.3692217881938287E+00  0.6423493394403403E+00
  0.4477296835423365E-01
  0.5586902905423552E+00  0.5246451042126070E+00  0.6423493394403403E+00
  0.4477296835423365E-01
  0.4106640759371610E+00  0.6471030388239851E+00  0.6423493394403403E+00
  0.4477296835423365E-01
  0.2368343271240122E+00  0.7289011096275507E+00  0.6423493394403403E+00
  0.4477296835423365E-01
  0.4812340652193488E-01  0.7648996430024549E+00  0.6423493394403403E+00
  0.4477296835423365E-01
 -0.1436112846974245E+00  0.7528367187034076E+00  0.6423493394403403E+00
  0.4477296835423365E-01
 -0.3263223507338850E+00  0.6934702946284503E+00  0.6423493394403403E+00
  0.4477296835423365E-01
 -0.4885293833440802E+00  0.5905305815366476E+00  0.6423493394403403E+00
  0.4477296835423365E-01
 -0.6200403181133749E+00  0.4504856601873397E+00  0.6423493394403403E+00
  0.4477296835423365E-01
 -0.7125918393468295E+00  0.2821350680380957E+00  0.6423493394403403E+00
  0.4477296835423365E-01
 -0.7603685945846603E+00  0.9605689194382083E-01  0.6423493394403403E+00
  0.4477296835423365E-01
 -0.7603685945846603E+00 -0.9605689194382099E-01  0.6423493394403403E+00
  0.4477296835423365E-01
 -0.7125918393468292E+00 -0.2821350680380961E+00  0.6423493394403403E+00
  0.4477296835423365E-01
 -0.6200403181133748E+00 -0.4504856601873398E+00  0.6423493394403403E+00
  0.4477296835423365E-01
 -0.4885293833440800E+00 -0.5905305815366477E+00  0.6423493394403403E+00
  0.4477296835423365E-01
 -0.3263223507338847E+00 -0.6934702946284506E+00  0.6423493394403403E+00
  0.4477296835423365E-01
 -0.1436112846974243E+00 -0.7528367187034077E+00  0.6423493394403403E+00
  0.4477296835423365E-01
  0.4812340652193520E-01 -0.7648996430024549E+00  0.6423493394403403E+00
  0.4477296835423365E-01
  0.2368343271240120E+00 -0.7289011096275508E+00  0.6423493394403403E+00
  0.4477296835423365E-01
  0.4106640759371612E+00 -0.6471030388239851E+00  0.6423493394403403E+00
  0.4477296835423365E-01
  0.5586902905423555E+00 -0.5246451042126066E+00  0.6423493394403403E+00
  0.4477296835423365E-01
  0.6716119394736144E+00 -0.3692217881938287E+00  0.6423493394403403E+00
  0.4477296835423365E-01
  0.7423337402318135E+00 -0.1905989093200818E+00  0.6423493394403403E+00
  0.4477296835423365E-01
  0.5978900939607058E+00  0.0000000000000000E+00  0.8015780907333099E+00
  0.3490271995879259E-01
  0.5791062772159546E+00  0.1486892200040724E+00  0.8015780907333099E+00
  0.3490271995879259E-01
  0.5239350832698197E+00  0.2880357494745898E+00  0.8015780907333099E+00
  0.3490271995879259E-01
  0.4358431211433945E+00  0.4092839334842329E+00  0.8015780907333099E+00
  0.3490271995879259E-01
  0.3203655327966561E+00  0.5048153027120476E+00  0.8015780907333099E+00
  0.3490271995879259E-01
  0.1847581998022922E+00  0.5686272698896508E+00  0.8015780907333099E+00
  0.3490271995879259E-01
  0.3754182962122266E-01  0.5967102944352751E+00  0.8015780907333099E+00
  0.3490271995879259E-01
 -0.1120334317841396E+00  0.5872998166345790E+00  0.8015780907333099E+00
  0.3490271995879259E-01
 -0.2545692206403641E+00  0.5409871314170969E+00  0.8015780907333099E+00
  0.3490271995879259E-01
 -0.3811094891236521E+00  0.4606822351211848E+00  0.8015780907333099E+00
  0.3490271995879259E-01
 -0.4837032467826451E+00  0.3514309797218640E+00  0.8015780907333099E+00
  0.3490271995879259E-01
 -0.5559041505101815E+00  0.2200980233938848E+00  0.8015780907333099E+00
  0.3490271995879259E-01
 -0.5931755519887107E+00  0.7493549879216085E-01  0.8015780907333099E+00
  0.3490271995879259E-01
 -0.5931755519887107E+00 -0.7493549879216098E-01  0.8015780907333099E+00
  0.3490271995879259E-01
 -0.5559041505101814E+00 -0.2200980233938851E+00  0.8015780907333099E+00
  0.3490271995879259E-01
 -0.4837032467826450E+00 -0.3514309797218640E+00  0.8015780907333099E+00
  0.3490271995879259E-01
 -0.3811094891236519E+00 -0.4606822351211848E+00  0.8015780907333099E+00
  0.3490271995879259E-01
 -0.2545692206403637E+00 -0.5409871314170971E+00  0.8015780907333099E+00
  0.3490271995879259E-01
 -0.1120334317841395E+00 -0.5872998166345791E+00  0.8015780907333099E+00
  0.3490271995879259E-01
  0.3754182962122291E-01 -0.5967102944352751E+00  0.8015780907333099E+00
  0.3490271995879259E-01
  0.1847581998022921E+00 -0.5686272698896510E+00  0.8015780907333099E+00
  0.3490271995879259E-01
  0.3203655327966562E+00 -0.5048153027120476E+00  0.8015780907333099E+00
  0.3490271995879259E-01
  0.4358431211433947E+00 -0.4092839334842326E+00  0.8015780907333099E+00
  0.3490271995879259E-01
  0.5239350832698197E+00 -0.2880357494745898E+00  0.8015780907333099E+00
  0.3490271995879259E-01
  0.5791062772159548E+00 -0.1486892200040722E+00  0.8015780907333099E+00
  0.3490271995879259E-01
  0.3975087140471620E+00  0.0000000000000000E+00  0.9175983992229779E+00
  0.2315265817022301E-01
  0.3850202468279773E+00  0.9885639724343526E-01  0.9175983992229779E+00
  0.2315265817022301E-01
  0.3483395414951741E+00  0.1915012834796684E+00  0.9175983992229779E+00
  0.2315265817022301E-01
  0.2897713816670101E+00  0.2721134397824195E+00  0.9175983992229779E+00
  0.2315265817022301E-01
  0.2129958202241133E+00  0.3356277079004140E+00  0.9175983992229779E+00
  0.2315265817022301E-01
  0.1228369480527045E+00  0.3780532527786603E+00  0.9175983992229779E+00
  0.2315265817022301E-01
  0.2495977867245055E-01  0.3967243214022184E+00  0.9175983992229779E+00
  0.2315265817022301E-01
 -0.7448570539743821E-01  0.3904677418620832E+00  0.9175983992229779E+00
  0.2315265817022301E-01
 -0.1692509786579437E+00  0.3596766380608514E+00  0.9175983992229779E+00
  0.2315265817022301E-01
 -0.2533815904678131E+00  0.3062857282921128E+00  0.9175983992229779E+00
  0.2315265817022301E-01
 -0.3215913050762854E+00  0.2336497597746677E+00  0.9175983992229779E+00
  0.2315265817022301E-01
 -0.3695942552567281E+00  0.1463327175468730E+00  0.9175983992229779E+00
  0.2315265817022301E-01
 -0.3943742391068024E+00  0.4982105250151913E-01  0.9175983992229779E+00
  0.2315265817022301E-01
 -0.3943742391068024E+00 -0.4982105250151921E-01  0.9175983992229779E+00
  0.2315265817022301E-01
 -0.3695942552567281E+00 -0.1463327175468732E+00  0.9175983992229779E+00
  0.2315265817022301E-01
 -0.3215913050762854E+00 -0.2336497597746678E+00  0.9175983992229779E+00
  0.2315265817022301E-01
 -0.2533815904678129E+00 -0.3062857282921128E+00  0.9175983992229779E+00
  0.2315265817022301E-01
 -0.1692509786579435E+00 -0.3596766380608515E+00  0.9175983992229779E+00
  0.2315265817022301E-01
 -0.7448570539743812E-01 -0.3904677418620833E+00  0.9175983992229779E+00
  0.2315265817022301E-01
  0.2495977867245071E-01 -0.3967243214022184E+00  0.9175983992229779E+00
  0.2315265817022301E-01
  0.1228369480527044E+00 -0.3780532527786603E+00  0.9175983992229779E+00
  0.2315265817022301E-01
  0.2129958202241133E+00 -0.3356277079004140E+00  0.9175983992229779E+00
  0.2315265817022301E-01
  0.2897713816670102E+00 -0.2721134397824193E+00  0.9175983992229779E+00
  0.2315265817022301E-01
  0.3483395414951741E+00 -0.1915012834796684E+00  0.9175983992229779E+00
  0.2315265817022301E-01
  0.3850202468279773E+00 -0.9885639724343513E-01  0.9175983992229779E+00
  0.2315265817022301E-01
  0.1771544941704528E+00  0.0000000000000000E+00  0.9841830547185879E+00
  0.1017474015669096E-01
  0.1715888599717608E+00  0.4405653116599683E-01  0.9841830547185879E+00
  0.1017474015669096E-01
  0.1552416666413595E+00  0.8534482845024653E-01  0.9841830547185879E+00
  0.1017474015669096E-01
  0.1291400684569694E+00  0.1212705962866442E+00  0.9841830547185879E+00
  0.1017474015669096E-01
  0.9492412482747904E-01  0.1495764865562972E+00  0.9841830547185879E+00
  0.1017474015669096E-01
  0.5474374932856747E-01  0.1684839360717809E+00  0.9841830547185879E+00
  0.1017474015669096E-01
  0.1112362272591544E-01  0.1768049202433023E+00  0.9841830547185879E+00
  0.1017474015669096E-01
 -0.3319544200242857E-01  0.1740166010329256E+00  0.9841830547185879E+00
  0.1017474015669096E-01
 -0.7542871502546419E-01  0.1602941787913594E+00  0.9841830547185879E+00
  0.1017474015669096E-01
 -0.1129225244760410E+00  0.1364998837755802E+00  0.9841830547185879E+00
  0.1017474015669096E-01
 -0.1433209964137938E+00  0.1041287990507251E+00  0.9841830547185879E+00
  0.1017474015669096E-01
 -0.1647140830491143E+00  0.6521491892257829E-01  0.9841830547185879E+00
  0.1017474015669096E-01
 -0.1757575780704362E+00  0.2220334559483151E-01  0.9841830547185879E+00
  0.1017474015669096E-01
 -0.1757575780704362E+00 -0.2220334559483154E-01  0.9841830547185879E+00
  0.1017474015669096E-01
 -0.1647140830491143E+00 -0.6521491892257839E-01  0.9841830547185879E+00
  0.1017474015669096E-01
 -0.1433209964137938E+00 -0.1041287990507251E+00  0.9841830547185879E+00
  0.1017474015669096E-01
 -0.1129225244760410E+00 -0.1364998837755803E+00  0.9841830547185879E+00
  0.1017474015669096E-01
 -0.7542871502546410E-01 -0.1602941787913595E+00  0.9841830547185879E+00
  0.1017474015669096E-01
 -0.3319544200242854E-01 -0.1740166010329256E+00  0.9841830547185879E+00
  0.1017474015669096E-01
  0.1112362272591551E-01 -0.1768049202433023E+00  0.9841830547185879E+00
  0.1017474015669096E-01
  0.5474374932856743E-01 -0.1684839360717809E+00  0.9841830547185879E+00
  0.1017474015669096E-01
  0.9492412482747908E-01 -0.1495764865562972E+00  0.9841830547185879E+00
  0.1017474015669096E-01
  0.1291400684569695E+00 -0.1212705962866441E+00  0.9841830547185879E+00
  0.1017474015669096E-01
  0.1552416666413595E+00 -0.8534482845024653E-01  0.9841830547185879E+00
  0.1017474015669096E-01
  0.1715888599717608E+00 -0.4405653116599677E-01  0.9841830547185879E+00
  0.1017474015669096E-01
