 energy and charge average matrices
  type  L       (e_i|H|e_j)                    (e_i|e_j)       
     0  0  .053885159  .007432125        .136711892  .020240143
           .007432125 -5.50453833        .020240143  1.00277920
     0  1  .056250658  .019381699        .099899277  .036426107
           .019381699 -9.10577578        .036426107  3.00364228
     0  2  1.00599711  .073098622        1.67087726  .118787078
           .073098622  .005527440        .118787078  .017486650
     0  3  .002991757  .000305251        .004973750  .000399482
           .000305251  .000289771        .000399482  .001371123
     0  4  .000675836  .000025941        .001157122 -.000021472
           .000025941 -.000123633       -.000021472  .000284707
     0  5  .000203297 -.000017232        .000337549 -.000045648
          -.000017232 -.000071921       -.000045648  .000072508
     0  6  .000047738 -.000002288        .000084719 -.000010986
          -.000002288 -.000028959       -.000010986  .000019057
     0  7  .000013947 -.000000798        .000023471 -.000002914
          -.000000798 -.000009308       -.000002914  .000005266
     0  8  .000003499 -.000000438        .000006039 -.000000996
          -.000000438 -.000002522       -.000000996  .000001666
