 ( 4i3 )
  1  8  1  2 npan, lm, ntype, spins
 ( 2i3 )
  3  2    ntls, nsets
 ( 3e22.14 )
 -0.56947945215269E+01 -0.56941064756570E+01 -0.56934184297871E+01
 ( 3e22.14 )
  0.39322680484220E+00  0.56236292437407E+00  0.60371610566754E+00
  0.61969311051134E+00  0.63908362860914E+00  0.66665007995396E+00
  0.65889834244710E+00  0.67573958961994E+00  0.62795850466942E+00
  0.35149008483755E+00  0.48757004345917E+00  0.56819603588988E+00
  0.56592525059016E+00  0.58748253734140E+00  0.61222062683718E+00
  0.61285844519964E+00  0.61262206550175E+00  0.59505034951047E+00
 -0.52883712650107E+01 -0.29498458795334E+01  0.35301190620222E+00
  0.27315894588028E+00 -0.41049414827392E+00 -0.13841140076567E+01
 -0.19837180290566E+01 -0.22867682308341E+01 -0.21956157075897E+01
 -0.54780606945937E+01 -0.31373588818859E+01  0.22673511075253E+00
  0.18103145817185E+00 -0.43720628097138E+00 -0.12816300196354E+01
 -0.18400926164127E+01 -0.23200907126865E+01 -0.19845141435494E+01
