"Start runs aprun -n 90 ./rspt 1.00e-12 500 on beskow-login4.pdc.kth.se, Wed May 30 11:51:53 2018"
     0, -2540.78898357754
     1, -2540.88885015637
     2, -2541.07294595415
     3, -2541.08179075913
     4, -2541.08102758999
     5, -2541.08517456921
     6, -2541.08519732110
     7, -2541.08527649718
     8, -2541.08526502195
     9, -2541.08526764709
    10, -2541.08526635422
    11, -2541.08526585246
    12, -2541.08525977370
    13, -2541.08525968852
    14, -2541.08525875640
    15, -2541.08525874175
    16, -2541.08525858068
    17, -2541.08525859562
    18, -2541.08525875407
    19, -2541.08525875807
    20, -2541.08525878352
    21, -2541.08525878303
    22, -2541.08525877998
