 (i6, f12.0, f18.0, f8.3, i6)
   665  60.0000000  0.02500000000000  26.000     2
 (3e22.14)
  2.89367842422237e-06  3.03926416335148e-06  3.19217416621422e-06
  3.35277687841063e-06  3.52145927779012e-06  3.69862780641595e-06
  3.88470934938319e-06  4.08015226284485e-06  4.28542745371847e-06
  4.50102951367032e-06  4.72747791010554e-06  4.96531823702474e-06
  5.21512352876122e-06  5.47749563974884e-06  5.75306669365169e-06
  6.04250060531847e-06  6.34649467925339e-06  6.66578128839525e-06
  7.00112963731966e-06  7.35334761398604e-06  7.72328373462685e-06
  8.11182918630035e-06  8.51991997214592e-06  8.94853916440479e-06
  9.39871927067573e-06  9.87154471904909e-06  1.03681544681432e-05
  1.08897447482280e-05  1.14375719401407e-05  1.20129555987608e-05
  1.26172816284528e-05  1.32520056179793e-05  1.39186563429828e-05
  1.46188394443600e-05  1.53542412914785e-05  1.61266330393179e-05
  1.69378748895476e-05  1.77899205654296e-05  1.86848220116242e-05
  1.96247343298914e-05  2.06119209627226e-05  2.16487591372189e-05
  2.27377455823592e-05  2.38815025332547e-05  2.50827840369631e-05
  2.63444825747100e-05  2.76696360167775e-05  2.90614349262429e-05
  3.05232302295770e-05  3.20585412720434e-05  3.36710642775069e-05
  3.53646812327219e-05  3.71434692175219e-05  3.90117102030625e-05
  4.09739013418692e-05  4.30347657738698e-05  4.51992639749210e-05
  4.74726056741655e-05  4.98602623695854e-05  5.23679804709468e-05
  5.50017951020944e-05  5.77680445952656e-05  6.06733857123191e-05
  6.37248096289341e-05  6.69296587204725e-05  7.02956441888350e-05
  7.38308645735105e-05  7.75438251896326e-05  8.14434585408885e-05
  8.55391457547515e-05  8.98407390920660e-05  9.43585855841252e-05
  9.91035518540234e-05  1.04087050180917e-04  1.09321065870158e-04
  1.14818185993215e-04  1.20591629567707e-04  1.26655279247058e-04
  1.33023714597676e-04  1.39712247040706e-04  1.46736956543017e-04
  1.54114730143710e-04  1.61863302408464e-04  1.70001297906924e-04
  1.78548275815476e-04  1.87524776749283e-04  1.96952371937230e-04
  2.06853714853964e-04  2.17252595433566e-04  2.28173996991829e-04
  2.39644155993498e-04  2.51690624803991e-04  2.64342337577449e-04
  2.77629679432333e-04  2.91584559083990e-04  3.06240485100070e-04
  3.21632645963877e-04  3.37797994131407e-04  3.54775334282535e-04
  3.72605415973104e-04  3.91331030908312e-04  4.10997115063673e-04
  4.31650855898699e-04  4.53341804909074e-04  4.76121995790462e-04
  5.00046068483062e-04  5.25171399395901e-04  5.51558238111282e-04
  5.79269850893530e-04  6.08372671336018e-04  6.38936458502762e-04
  6.71034462929757e-04  7.04743600882333e-04  7.40144637264627e-04
  7.77322377622699e-04  8.16365869674637e-04  8.57368614850465e-04
  9.00428790325705e-04  9.45649482071195e-04  9.93138929457018e-04
  1.04301078198454e-03  1.09538436873395e-03  1.15038498116563e-03
  1.20814416991149e-03  1.26880005626738e-03  1.33249765908168e-03
  1.39938923781693e-03  1.46963465256039e-03  1.54340174182309e-03
  1.62086671898944e-03  1.70221458833882e-03  1.78763958157916e-03
  1.87734561591515e-03  1.97154677467431e-03  2.07046781161623e-03
  2.17434468005531e-03  2.28342508802009e-03  2.39796908069835e-03
  2.51824965151411e-03  2.64455338318980e-03  2.77718112029626e-03
  2.91644867475237e-03  3.06268756592956e-03  3.21624579697959e-03
  3.37748866916888e-03  3.54679963602844e-03  3.72458119925123e-03
  3.91125584832265e-03  4.10726704601573e-03  4.31308026189989e-03
  4.52918405623360e-03  4.75609121655949e-03  4.99433994961247e-03
  5.24449513109648e-03  5.50714961614269e-03  5.78292561329744e-03
  6.07247612508181e-03  6.37648645824204e-03  6.69567580704242e-03
  7.03079891296472e-03  7.38264780453873e-03  7.75205362091883e-03
  8.13988852330248e-03  8.54706769816714e-03  8.97455145672160e-03
  9.42334743500052e-03  9.89451289933777e-03  1.03891571620559e-02
  1.09084441125791e-02  1.14535948691627e-02  1.20258905570201e-02
  1.26266752183976e-02  1.32573588609398e-02  1.39194206504354e-02
  1.46144122547139e-02  1.53439613454688e-02  1.61097752652645e-02
  1.69136448670969e-02  1.77574485344682e-02  1.86431563898384e-02
  1.95728347002743e-02  2.05486504886405e-02  2.15728763599768e-02
  2.26478955521856e-02  2.37762072212465e-02  2.49604319710945e-02
  2.62033176390322e-02  2.75077453476440e-02  2.88767358350912e-02
  3.03134560754096e-02  3.18212262018140e-02  3.34035267454714e-02
  3.50640062036251e-02  3.68064889507091e-02  3.86349835072205e-02
  4.05536911809171e-02  4.25670150965433e-02  4.46795696291827e-02
  4.68961902590609e-02  4.92219438637887e-02  5.16621394668243e-02
  5.42223394598181e-02  5.69083713182098e-02  5.97263398293123e-02
  6.26826398534440e-02  6.57839696382228e-02  6.90373447083836e-02
  7.24501123516611e-02  7.60299667251330e-02  7.97849646033177e-02
  8.37235417934459e-02  8.78545302411113e-02  9.21871758519754e-02
  9.67311570544751e-02  1.01496604130312e-01  1.06494119338128e-01
  1.11734797859198e-01  1.17230249590070e-01  1.22992621813314e-01
  1.29034622771287e-01  1.35369546174442e-01  1.42011296670983e-01
  1.48974416308252e-01  1.56274112014033e-01  1.63926284128376e-01
  1.71947556013039e-01  1.80355304770843e-01  1.89167693099094e-01
  1.98403702311347e-01  2.08083166549317e-01  2.18226808217438e-01
  2.28856274662726e-01  2.39994176127705e-01  2.51664124998767e-01
  2.63890776375153e-01  2.76699869975877e-01  2.90118273409655e-01
  3.04174026816427e-01  3.18896388905669e-01  3.34315884392114e-01
  3.50464352847087e-01  3.67374998963675e-01  3.85082444241159e-01
  4.03622780082204e-01  4.23033622299109e-01  4.43354167008867e-01
  4.64625247908386e-01  4.86889394888864e-01  5.10190893975907e-01
  5.34575848534706e-01  5.60092241708884e-01  5.86790000022541e-01
  6.14721058085346e-01  6.43939424315964e-01  6.74501247601426e-01
  7.06464884776886e-01  7.39890968828640e-01  7.74842477661184e-01
  8.11384803316811e-01  8.49585821446948e-01  8.89515960885327e-01
  9.31248273098945e-01  9.74858501309194e-01  1.02042514902812e+00
  1.06802954775697e+00  1.11775592353152e+00  1.16969146203045e+00
  1.22392637184860e+00  1.28055394562243e+00  1.33967061853182e+00
  1.40137602379466e+00  1.46577304463602e+00  1.53296786224435e+00
  1.60306999914252e+00  1.67619235740801e+00  1.75245125106535e+00
  1.83196643203675e+00  1.91486110883318e+00  2.00126195733111e+00
  2.09129912269106e+00  2.18510621165143e+00  2.28282027419781e+00
  2.38458177367695e+00  2.49053454428592e+00  2.60082573489604e+00
  2.71560573799029e+00  2.83502810262769e+00  2.95924943000795e+00
  3.08842925052853e+00  3.22272988074140e+00  3.36231625896801e+00
  3.50735575795342e+00  3.65801797310774e+00  3.81447448468187e+00
  3.97689859233238e+00  4.14546502026379e+00  4.32034959144101e+00
  4.50172886883572e+00  4.68977976230091e+00  4.88467909891066e+00
  5.08660315529457e+00  5.29572714992356e+00  5.51222469381539e+00
  5.73626719756268e+00  5.96802323349131e+00  6.20765785066372e+00
  6.45533184179758e+00  6.71120096010254e+00  6.97541508506589e+00
  7.24811733563174e+00  7.52944313021340e+00  7.81951919195838e+00
  8.11846249969962e+00  8.42637918299157e+00  8.74336336243606e+00
  9.06949593454770e+00  9.40484330254156e+00  9.74945605368573e+00
  1.01033675850986e+01  1.04665926796236e+01  1.08391260350476e+01
  1.12209407489251e+01  1.16119867642520e+01  1.20121892789027e+01
  1.24214471259737e+01  1.28396311296873e+01  1.32665824451284e+01
  1.37021108887372e+01  1.41459932699403e+01  1.45979717318441e+01
  1.50577521150186e+01  1.55250023530558e+01  1.59993509168435e+01
  1.64803853190784e+01  1.69676506970430e+01  1.74606484890929e+01
  1.79588352243147e+01  1.84616214434438e+01  1.89683707734465e+01
  1.94783991751874e+01  1.99909743904577e+01  2.05053156075587e+01
  2.10205933761620e+01  2.15359297909927e+01  2.20503989759885e+01
  2.25630278917366e+01  2.30727974960151e+01  2.35786442824054e+01
  2.40794622262718e+01  2.45741051613597e+01  2.50613896167966e+01
  2.55400981328214e+01  2.60089830860867e+01  2.64667710351778e+01
  2.69121676145204e+01  2.73438629830288e+01  2.77605378453920e+01
  2.81608700474071e+01  2.85435417550630e+01  2.89072472039010e+01
  2.92507010236695e+01  2.95726471066208e+01  2.98718680119965e+01
  3.01471948635983e+01  3.03975177101825e+01  3.06217962929574e+01
  3.08190711714201e+01  3.09884751273933e+01  3.11292447853117e+01
  3.12407323420180e+01  3.13224173238120e+01  3.13739182470565e+01
  3.13950040709816e+01  3.13856053041907e+01  3.13458246320784e+01
  3.12759469038024e+01  3.11764483347067e+01  3.10480047424337e+01
  3.08914986605858e+01  3.07080251424837e+01  3.04988960857956e+01
  3.02656428932800e+01  3.00100173027530e+01  2.97339902040751e+01
  2.94397482971834e+01  2.91296884185756e+01  2.88064094239154e+01
  2.84727014835592e+01  2.81315327129750e+01  2.77860330506650e+01
  2.74394753518448e+01  2.70952536701073e+01  2.67568587722526e+01
  2.64278509193299e+01  2.61118300490652e+01  2.58124034765042e+01
  2.55331513291468e+01  2.52775899402599e+01  2.50491334982433e+01
  2.48510542801922e+01  2.46864418588405e+01  2.45581617062581e+01
  2.44688136665403e+01  2.44206908112930e+01  2.44157392191811e+01
  2.44555192584389e+01  2.45411689722411e+01  2.46733701789889e+01
  2.48523179163810e+01  2.50776938485054e+01  2.53486442516120e+01
  2.56637631687843e+01  2.60210812983253e+01  2.64180611262622e+01
  2.68515987798231e+01  2.73180329839918e+01  2.78131614616024e+01
  2.83322649940309e+01  2.88701392932289e+01  2.94211347055964e+01
  2.99792036688497e+01  3.05379557105360e+01  3.10907196600546e+01
  3.16306126039517e+01  3.21506149995918e+01  3.26436512104018e+01
  3.31026746224918e+01  3.35207563610552e+01  3.38911765209035e+01
  3.42075167244225e+01  3.44637527207447e+01  3.46543456694613e+01
  3.47743307024368e+01  3.48194012943246e+01  3.47859879892224e+01
  3.46713300015372e+01  3.44735382684846e+01  3.41916485657197e+01
  3.38256634013616e+01  3.33765814870422e+01  3.28464137609760e+01
  3.22381850574006e+01  3.15559207575501e+01  3.08046179330252e+01
  2.99902007699557e+01  2.91194602979957e+01  2.81999787556645e+01
  2.72400391934763e+01  2.62485212542833e+01  2.52347843385752e+01
  2.42085397190352e+01  2.31797134114105e+01  2.21583019314880e+01
  2.11542232877428e+01  2.01771657838664e+01  1.92364373737555e+01
  1.83408184176047e+01  1.74984207404837e+01  1.67165558778679e+01
  1.60016152904662e+01  1.53589651739384e+01  1.47928582305731e+01
  1.43063644684098e+01  1.39013227065444e+01  1.35783140394006e+01
  1.33366580464668e+01  1.31744320333471e+01  1.30885130890472e+01
  1.30746422381874e+01  1.31275094740798e+01  1.32408579901742e+01
  1.34076054871234e+01  1.36199800347398e+01  1.38696676182854e+01
  1.41479682077991e+01  1.44459569708059e+01  1.47546471099918e+01
  1.50651507613732e+01  1.53688344387565e+01  1.56574656618887e+01
  1.59233476566346e+01  1.61594393583214e+01  1.63594583760814e+01
  1.65179650685135e+01  1.66304264234673e+01  1.66932590065393e+01
  1.67038508204157e+01  1.66605624840951e+01  1.65627086690320e+01
  1.64105212109227e+01  1.62050957251399e+01  1.59483238892182e+01
  1.56428138026942e+01  1.52918009944850e+01  1.48990527187869e+01
  1.44687681677042e+01  1.40054771395804e+01  1.35139395452458e+01
  1.29990479225915e+01  1.24657348742258e+01  1.19188870569535e+01
  1.13632670471955e+01  1.08034440951102e+01  1.02437344722815e+01
  9.68815182215611e+00  9.14036764694898e+00  8.60368181392929e+00
  8.08100274244877e+00  7.57483674564915e+00  7.08728584383945e+00
  6.62005324286256e+00  6.17445558612078e+00  5.75144102317667e+00
  5.35161211533660e+00  4.97525259035848e+00  4.62235698143081e+00
  4.29266222552246e+00  3.98568035448118e+00  3.70073148473726e+00
  3.43697639470664e+00  3.19344807016316e+00  2.96908169401601e+00
  2.76274265480177e+00  2.57325224572006e+00  2.39941082010017e+00
  2.24001825814603e+00  2.09389168183084e+00  1.95988042737291e+00
  1.83687834859162e+00  1.72383357763792e+00  1.61975591099504e+00
  1.52372202174189e+00  1.43487871934853e+00  1.35244449157565e+00
  1.27570956635537e+00  1.20403472840945e+00  1.13684911602319e+00
  1.07364720925563e+00  1.01398520337114e+00  9.57476941359388e-01
  9.03789558185883e-01  8.52638967889391e-01  8.03785303522688e-01
  7.57028399659479e-01  7.12203388807629e-01  6.69176466041057e-01
  6.27840861724219e-01  5.88113049442004e-01  5.49929206049179e-01
  5.13241932313325e-01  4.78017236340505e-01  4.44231777261561e-01
  4.11870363446294e-01  3.80923697659030e-01  3.51386360368598e-01
  3.23255022456365e-01  2.96526878267220e-01  2.71198290869734e-01
  2.47263641516022e-01  2.24714375789256e-01  2.03538239191842e-01
  1.83718694684145e-01  1.65234514411349e-01  1.48059537062623e-01
  1.32162581299795e-01  1.17507504468981e-01  1.04053394378369e-01
  9.17548804721602e-02  8.05625492963322e-02  7.04234478525658e-02
  6.12816573990521e-02  5.30789195036324e-02  4.57552958373202e-02
  3.92498432926038e-02  3.35012865981608e-02  2.84486716450798e-02
  2.40319842450949e-02  2.01927209290277e-02  1.68744006255263e-02
  1.40230085198040e-02  1.15873660061770e-02  9.51942329360164e-03
  7.77447380915226e-03  6.31129196411664e-03  5.09219802138106e-03
  4.08305565484875e-03  3.25320927628306e-03  2.57536928735798e-03
  2.02545409057089e-03  1.58239796939815e-03  1.22793386115129e-03
  9.46359634475367e-04  7.24295809399225e-04  5.50441779460944e-04
  4.15336581051932e-04  3.11129166769234e-04  2.31362036856174e-04
  1.70771015889285e-04  1.25102972523709e-04  9.09523985721149e-05
  6.56170102984628e-05  4.69719190731216e-05  3.33614419959052e-05
  2.35072786481944e-05  1.64315569585210e-05  1.13931323809680e-05
  7.83549357110203e-06  5.34466556261415e-06  3.61559023869315e-06
  2.42558835437133e-06  1.61365200185957e-06  1.06447087529644e-06
  6.96249857170435e-07  4.51522760825913e-07  2.90303203521923e-07
  1.85034997412668e-07  1.16910843691938e-07  7.32182052050331e-08
  4.54470503107679e-08  2.79554437903601e-08  1.70390371162262e-08
  1.02890476805385e-08  6.15433274972926e-09  3.64562492260649e-09
  2.13821363697146e-09  1.24135259262479e-09  7.13168222976648e-10
  4.05298130034900e-10  2.27779846509395e-10  1.26537383077652e-10
  6.94565709305812e-11  3.76552454059320e-11  2.01538786286072e-11
  1.06439837613078e-11  5.54429330904972e-12  2.84683553062357e-12
  1.44020784032400e-12  7.17468354817824e-13  3.51770796500745e-13
  1.69651409124221e-13  8.04369570895281e-14  3.74725540768225e-14
  1.71428177558788e-14  7.69689401820983e-15  3.38972528218218e-15
  1.46345254224177e-15  6.19018119498467e-16  2.56380029455335e-16
  1.03911937565304e-16  4.11876176663913e-17  1.59575282254922e-17
  6.04209509101295e-18  2.23338902933722e-18  8.05430268475686e-19
  2.83218562071065e-19  9.70587618289632e-20  3.24124026457529e-20
  1.05586797585434e-20  3.34912789516294e-21  1.03190526634918e-21
  3.08611503762565e-22  8.95198186152423e-23  2.51665567044966e-23
  6.85141798022870e-24  1.80482562808808e-24
  2.48760274181285e-24  2.83795082514333e-24  3.23762551338472e-24
  3.69356899044505e-24  4.21370005359302e-24  4.80705142653816e-24
  5.48392636662928e-24  6.25607727509845e-24  7.13690939927947e-24
  8.14171314885589e-24  9.28792904236921e-24  1.05954498629505e-23
  1.20869652445112e-23  1.37883546412740e-23  1.57291354679273e-23
  1.79429741486810e-23  2.04682688976790e-23  2.33488142890777e-23
  2.66345590837402e-23  3.03824703853351e-23  3.46575190286994e-23
  3.95338031895946e-23  4.50958295824800e-23  5.14399743229055e-23
  5.86761486194787e-23  6.69296979802993e-23  7.63435676296891e-23
  8.70807714027359e-23  9.93272065937250e-23  1.13294863171031e-22
  1.29225482534567e-22  1.47394728699170e-22  1.68116943568839e-22
  1.91750567971988e-22  2.18704321527645e-22  2.49444247398714e-22
  2.84501742785449e-22  3.24482712865014e-22  3.70078005085358e-22
  4.22075302590953e-22  4.81372680471101e-22  5.48994056896282e-22
  6.26106803526637e-22  7.14041816382795e-22  8.14316390289324e-22
  9.28660287734041e-22  1.05904544734990e-21  1.20771983912014e-21
  1.37724604389018e-21  1.57054521501319e-21  1.79094717131883e-21
  2.04224747460111e-21  2.32877246323079e-21  2.65545334826950e-21
  3.02791063188952e-21  3.45255028250913e-21  3.93667329979461e-21
  4.48860052884701e-21  5.11781484026726e-21  5.83512308566639e-21
  6.65284057141426e-21  7.58500117258025e-21  8.64759664032118e-21
  9.85884914670421e-21  1.12395216690665e-20  1.28132714509153e-20
  1.46070524984125e-20  1.66515738926614e-20  1.89818216317958e-20
  2.16376527786924e-20  2.46644718973130e-20  2.81140011332357e-20
  3.20451568540537e-20  3.65250475388813e-20  4.16301096218177e-20
  4.74474002850441e-20  5.40760688003644e-20  6.16290309759460e-20
  7.02348746254746e-20  8.00400277948856e-20  9.12112258182690e-20
  1.03938318200310e-19  1.18437461916389e-19  1.34954754073762e-19
  1.53770364089425e-19  1.75203233729095e-19  1.99616422646235e-19
  2.27423187611015e-19  2.59093895592337e-19  2.95163884443403e-19
  3.36242400357662e-19  3.83022758751600e-19  4.36293895069373e-19
  4.96953494505795e-19  5.66022915159878e-19  6.44664148064757e-19
  7.34199090340196e-19  8.36131444896199e-19  9.52171602257744e-19
  1.08426490783622e-18  1.23462377208221e-18  1.40576414225442e-18
  1.60054692397236e-18  1.82222501935580e-18  2.07449673759589e-18
  2.36156643460997e-18  2.68821335254498e-18  3.05986975904121e-18
  3.48270963230868e-18  3.96374930341017e-18  4.51096165417055e-18
  5.13340568066340e-18  5.84137347139766e-18  6.64655691975635e-18
  7.56223679587442e-18  8.60349714858952e-18  9.78746839838804e-18
  1.11336029231933e-17  1.26639874368224e-17  1.44036970223067e-17
  1.63811963171241e-17  1.86287940640556e-17  2.11831580500685e-17
  2.40858983681633e-17  2.73842279663165e-17  3.11317106086447e-17
  3.53891076825992e-17  4.02253367616802e-17  4.57185564959364e-17
  5.19573942763439e-17  5.90423352298699e-17  6.70872934794602e-17
  7.62213892797029e-17  8.65909586527390e-17  9.83618255396996e-17
  1.11721870299621e-16  1.26883932679652e-16  1.44089092208487e-16
  1.63610374392487e-16  1.85756937195987e-16  2.10878799143039e-16
  2.39372178083582e-16  2.71685518317781e-16  3.08326293492299e-16
  3.49868683589541e-16  3.96962236576762e-16  4.50341639021720e-16
  5.10837735394353e-16  5.79389953063874e-16  6.57060309377969e-16
  7.45049198949808e-16  8.44713183613591e-16  9.57585034809350e-16
  1.08539630870165e-15  1.23010276856912e-15  1.39391300730895e-15
  1.57932066578931e-15  1.78914069075759e-15  2.02655012971857e-15
  2.29513402019973e-15  2.59893699801144e-15  2.94252132410424e-15
  3.33103211356049e-15  3.77027064394779e-15  4.26677672499538e-15
  4.82792122845241e-15  5.46201000764356e-15  6.17840058186987e-15
  6.98763312366580e-15  7.90157746828666e-15  8.93359806746121e-15
  1.00987390352703e-14  1.14139316859191e-14  1.28982272440915e-14
  1.45730577214606e-14  1.64625283022429e-14  1.85937449687528e-14
  2.09971815320421e-14  2.37070907140407e-14  2.67619644658815e-14
  3.02050493047517e-14  3.40849231177754e-14  3.84561406232313e-14
  4.33799555036942e-14  4.89251281450897e-14  5.51688289360192e-14
  6.21976482193719e-14  7.01087252517563e-14  7.90110099328659e-14
  8.90266726300476e-14  1.00292679163281e-13  1.12962549946692e-13
  1.27208324435921e-13  1.43222754414532e-13  1.61221752314243e-13
  1.81447123710325e-13  2.04169616417652e-13  2.29692322255976e-13
  2.58354471607842e-13  2.90535665387739e-13  3.26660594054076e-13
  3.67204298840315e-13  4.12698036570523e-13  4.63735816275592e-13
  5.20981683461099e-13  5.85177836329512e-13  6.57153667710032e-13
  7.37835836842098e-13  8.28259486864797e-13  9.29580736685283e-13
  1.04309059032162e-12  1.17023042271562e-12  1.31260921874943e-12
  1.47202276189042e-12  1.65047499077828e-12  1.85020176641419e-12
  2.07369731964263e-12  2.32374367873861e-12  2.60344341030363e-12
  2.91625604395713e-12  3.26603859257146e-12  3.65709062601443e-12
  4.09420440733559e-12  4.58272065762116e-12  5.12859057892558e-12
  5.73844483551135e-12  6.41967027221272e-12  7.18049523629178e-12
  8.03008446695254e-12  8.97864462507053e-12  1.00375416574363e-11
  1.12194313243708e-11  1.25384043708451e-11  1.40101479889831e-11
  1.56521254077769e-11  1.74837756548826e-11  1.95267357700650e-11
  2.18050880098287e-11  2.43456348764305e-11  2.71782051291217e-11
  3.03359943018216e-11  3.38559436590011e-11  3.77791619787450e-11
  4.21513950639615e-11  4.70235484550184e-11  5.24522694613298e-11
  5.85005953463116e-11  6.52386753125378e-11  7.27445748353376e-11
  8.11051719154114e-11  9.04171559613177e-11  1.00788141299265e-10
  1.12337908751254e-10  1.25199790349866e-10  1.39522214084040e-10
  1.55470427635926e-10  1.73228422383212e-10  1.93001081566156e-10
  2.15016579463237e-10  2.39529061756069e-10  2.66821641021761e-10
  2.97209745544047e-10  3.31044864431704e-10  3.68718737474379e-10
  4.10668044299310e-10  4.57379654364665e-10  5.09396507194483e-10
  5.67324201199977e-10  6.31838379555397e-10  7.03693013084310e-10
  7.83729693150984e-10  8.72888062356834e-10  9.72217527656198e-10
  1.08289041962123e-09  1.20621678332275e-09  1.34366101100389e-09
  1.49686055487161e-09  1.66764699035295e-09  1.85806973663076e-09
  2.07042278286981e-09  2.30727481585079e-09  2.57150319884921e-09
  2.86633231305627e-09  3.19537684326963e-09  3.56269066969504e-09
  3.97282211932598e-09  4.43087643487956e-09  4.94258643890472e-09
  5.51439250671584e-09  6.15353311841384e-09  6.86814743772294e-09
  7.66739156984127e-09  8.56157038305337e-09  9.56228704544022e-09
  1.06826127328722e-08  1.19372793127403e-08  1.33428982076836e-08
  1.49182090974667e-08  1.66843626435358e-08  1.86652420124900e-08
  2.08878286641741e-08  2.33826186480070e-08  2.61840965488181e-08
  2.93312752465627e-08  3.28683108292369e-08  3.68452033348112e-08
  4.13185955399629e-08  4.63526837625517e-08  5.20202566592936e-08
  5.84038802959640e-08  6.55972503967678e-08  7.37067356864429e-08
  8.28531396744408e-08  9.31737121669680e-08  1.04824446269635e-07
  1.17982701809979e-07  1.32850201920671e-07  1.49656456298137e-07
  1.68662672228658e-07  1.90166223271901e-07  2.14505755429038e-07
  2.42067022030234e-07  2.73289551508738e-07  3.08674267134545e-07
  3.48792194504290e-07  3.94294411995896e-07  4.45923421143798e-07
  5.04526138943389e-07  5.71068742452711e-07  6.46653628340556e-07
  7.32538786870844e-07  8.30159931300406e-07  9.41155771737440e-07
  1.06739687530036e-06  1.21101861702556e-06  1.37445879382401e-06
  1.56050055364090e-06  1.77232138043603e-06  2.01354897649029e-06
  2.28832499839265e-06  2.60137773095982e-06  2.95810493088090e-06
  3.36466823508001e-06  3.82810071604140e-06  4.35642937534496e-06
  4.95881460346926e-06  5.64570889921987e-06  6.42903744320157e-06
  7.32240345273264e-06  8.34132162902139e-06  9.50348342372557e-06
  1.08290583348443e-05  1.23410359673151e-05  1.40656141925576e-05
  1.60326394024029e-05  1.82761056006420e-05  2.08347198893617e-05
  2.37525428471662e-05  2.70797132956420e-05  3.08732681088270e-05
  3.51980689642678e-05  4.01278493359339e-05  4.57463965705551e-05
  5.21488855863796e-05  5.94433826212762e-05  6.77525394850274e-05
  7.72155011088343e-05  8.79900515447753e-05  1.00255026439088e-04
  1.14213022804973e-04  1.30093440270005e-04  1.48155891409187e-04
  1.68694022569558e-04  1.92039790753883e-04  2.18568246430605e-04
  2.48702877031280e-04  2.82921570819566e-04  3.21763266349880e-04
  3.65835358409185e-04  4.15821937468692e-04  4.72492945982374e-04
  5.36714341771940e-04  6.09459365307761e-04  6.91821015567350e-04
  7.85025845671358e-04  8.90449197928560e-04  1.00963200474013e-03
  1.14429928980886e-03  1.29638051105467e-03  1.46803189440229e-03
  1.66166091274710e-03  1.87995307260225e-03  2.12590117325150e-03
  2.40283720980575e-03  2.71446709223275e-03  3.06490835424766e-03
  3.45873102444502e-03  3.90100182855979e-03  4.39733188515822e-03
  4.95392804723043e-03  5.57764802858437e-03  6.27605943647587e-03
  7.05750280801541e-03  7.93115872225701e-03  8.90711902063035e-03
  9.99646213696374e-03  1.12113324776516e-02  1.25650237513307e-02
  1.40720660712788e-02  1.57483165892126e-02  1.76110533343675e-02
  1.96790718381105e-02  2.19727840296223e-02  2.45143187593058e-02
  2.73276232117687e-02  3.04385642963946e-02  3.38750290007030e-02
  3.76670224993405e-02  4.18467626681276e-02  4.64487694681975e-02
  5.15099474765156e-02  5.70696596633302e-02  6.31697902836141e-02
  6.98547946098792e-02  7.71717329481651e-02  8.51702862676314e-02
  9.39027505067260e-02  1.03424006487997e-01  1.13791462153309e-01
  1.25064963794693e-01  1.37306672623034e-01  1.50580903286775e-01
  1.64953920478090e-01  1.80493690240490e-01  1.97269582309792e-01
  2.15352020231337e-01  2.34812076102842e-01  2.55721007284888e-01
  2.78149732686287e-01  3.02168247087827e-01  3.27844972399096e-01
  3.55246045786099e-01  3.84434545557212e-01  4.15469656713265e-01
  4.48405779378460e-01  4.83291584835877e-01  5.20169024859887e-01
  5.59072302246174e-01  6.00026811195079e-01  6.43048058336445e-01
  6.88140576166582e-01  7.35296842264461e-01  7.84496218533248e-01
  8.35703925867978e-01  8.88870070226200e-01  9.43928736479757e-01
  1.00079716707991e+00  1.05937504233181e+00  1.11954387978196e+00
  1.18116657029803e+00  1.24408706935658e+00  1.30813026275829e+00
  1.37310202751337e+00  1.43878950954496e+00  1.50496164094410e+00
  1.57136991928924e+00  1.63774947006928e+00  1.70382040980743e+00
  1.76928952189343e+00  1.83385224950338e+00  1.89719500057979e+00
  1.95899774935558e+00  2.01893690787263e+00  2.07668843022475e+00
  2.13193110207955e+00  2.18434995971155e+00  2.23363977532753e+00
  2.27950854103470e+00  2.32168088065279e+00  2.35990131818520e+00
  2.39393733419214e+00  2.42358214459505e+00  2.44865714374145e+00
  2.46901396104492e+00  2.48453609063086e+00  2.49514006438771e+00
  2.50077615035195e+00  2.50142857066484e+00  2.49711524504251e+00
  2.48788707722147e+00  2.47382681213507e+00  2.45504750075809e+00
  2.43169061703320e+00  2.40392387715785e+00  2.37193881536832e+00
  2.33594817253055e+00  2.29618315402356e+00  2.25289061210985e+00
  2.20633020503323e+00  2.15677158108324e+00  2.10449163071070e+00
  2.04977184414045e+00  1.99289580566192e+00  1.93414684960567e+00
  1.87380589668856e+00  1.81214948364460e+00  1.74944799364828e+00
  1.68596408963961e+00  1.62195134973746e+00  1.55765309902889e+00
  1.49330143006905e+00  1.42911640254346e+00  1.36530541011053e+00
  1.30206270286313e+00  1.23956905225560e+00  1.17799154604703e+00
  1.11748350071203e+00  1.05818447929009e+00  1.00022040327217e+00
  9.43703747724607e-01  8.88733809568169e-01  8.35397039662491e-01
  7.83767429972222e-01  7.33906947865359e-01  6.85866010136842e-01
  6.39683990021892e-01  5.95389751308659e-01  5.53002203581485e-01
  5.12530873919022e-01  4.73976490333071e-01  4.37331572607464e-01
  4.02581026972557e-01  3.69702740669412e-01  3.38668173300121e-01
  3.09442941670212e-01  2.81987395218889e-01  2.56257179337431e-01
  2.32203784062711e-01  2.09775075972957e-01  1.88915811359959e-01
  1.69568129050619e-01  1.51672021644206e-01  1.35165784031116e-01
  1.19986438655911e-01  1.06070136883313e-01  9.33525363861729e-02
  8.17691544399924e-02  7.12556972896428e-02  6.17483658690683e-02
  5.31841382214748e-02  4.55010290929651e-02  3.86383271839254e-02
  3.25368105872245e-02  2.71389409531387e-02  2.23890368878991e-02
  1.82334271577434e-02  1.46205840591639e-02  1.15012375135231e-02
  8.82847024752434e-03  6.55779444132096e-03  4.64721021883902e-03
  3.05724630431094e-03  1.75098323410482e-03  6.94059481890531e-04
 -1.45339075179645e-04 -7.96505830448043e-04 -1.28625569393236e-03
 -1.63898220389507e-03 -1.87672865361628e-03 -2.01927228252901e-03
 -2.08422038523827e-03 -2.08711706522255e-03 -2.04155920786101e-03
 -1.95932011389520e-03 -1.85047912898031e-03 -1.72355552028606e-03
 -1.58564480714591e-03 -1.44255574350529e-03 -1.29894618510563e-03
 -1.15845614981229e-03 -1.02383649672085e-03 -8.97071805245754e-04
 -7.79496221554540e-04 -6.71901253742910e-04 -5.74634727708409e-04
 -4.87690355951153e-04 -4.10787612488349e-04 -3.43441839694708e-04
 -2.85024729864927e-04 -2.34815518465170e-04 -1.92043392446293e-04
 -1.55921751636793e-04 -1.25675062369506e-04 -1.00559109617294e-04
 -7.98754884405509e-05 -6.29811799317505e-05 -4.92940348832629e-05
 -3.82949443974200e-05 -2.95274155609752e-05 -2.25951969799880e-05
 -1.71585182650706e-05 -1.29294237869037e-05 -9.66659805814430e-06
 -7.17000089856260e-06 -5.27555770528170e-06 -3.85008498806289e-06
 -2.78657510093418e-06 -1.99991695369052e-06 -1.42309121647429e-06
 -1.00384892048756e-06 -7.01860069232285e-07 -4.86303499626773e-07
 -3.33859255627839e-07 -2.27059362504010e-07 -1.52951048917495e-07
 -1.02027176365304e-07 -6.73812653121871e-08 -4.40481808090354e-08
 -2.84960162076685e-08 -1.82391834227575e-08 -1.15474426613352e-08
 -7.22960927644327e-09 -4.47485579052029e-09 -2.73752611712783e-09
 -1.65475664432091e-09 -9.88031099589086e-10 -5.82577150084334e-10
 -3.39093890537737e-10 -1.94786665176731e-10 -1.10381844919918e-10
 -6.16871581401824e-11 -3.39871767702126e-11 -1.84545871905122e-11
 -9.87188925818005e-12 -5.20039421797716e-12 -2.69675295314598e-12
 -1.37606590358533e-12 -6.90637401752739e-13 -3.40791369561980e-13
 -1.65258842048729e-13 -7.87197260322161e-14 -3.68167326202767e-14
 -1.68983629325178e-14 -7.60801438822114e-15 -3.35822418246263e-15
 -1.45257588783773e-15 -6.15362008804805e-16 -2.55184392766817e-16
 -1.03532100736039e-16 -4.10703970305183e-17 -1.59224125436839e-17
 -6.03189131449003e-18 -2.23051528558904e-18 -8.04646444825032e-19
 -2.83011681769752e-19 -9.70059673322462e-20 -3.23993872906532e-20
 -1.05555827603041e-20 -3.34841724878664e-21 -1.03174815990934e-21
 -3.08578072532137e-22 -8.95129777920518e-23 -2.51652119869874e-23
 -6.85116430468841e-24 -1.80477975077890e-24
