#     Radial coefficients Phi_{h} of D_{h} in the harmonic 
#     expansion of the Coulomb potential divided by r^{\ell}
#     Phi(1) is from \int_{0}^{r} {r\Pr^{\ell} \over r^{\ell+1}} ...
#     Phi(2) is from \int_{r}^{S} {r^{\ell} \over r\Pr^{\ell+1}} ...
#     Phi(out) is from V_{ext}(S)
# type = 0
# h = 0 (l = 0)
@ type xy
 0  235.836084864331  .000001473758371  233.443628509978  2.39245488059462
 1  235.836084826602  .000001548276120  233.443628397731  2.39245488059462
 2  235.836084786724  .000001626533900  233.443628279595  2.39245488059462
 3  235.836084745203  .000001708720093  233.443628155888  2.39245488059462
 4  235.836084701394  .000001795032551  233.443628025767  2.39245488059462
 5  235.836084655400  .000001885679074  233.443627889127  2.39245488059462
 6  235.836084607083  .000001980877910  233.443627745610  2.39245488059462
 7  235.836084556324  .000002080858281  233.443627594871  2.39245488059462
 8  235.836084503009  .000002185860933  233.443627436553  2.39245488059462
 9  235.836084447034  .000002296138719  233.443627270300  2.39245488059462
 10  235.836084387994  .000002411957208  233.443627095442  2.39245488059462
 11  235.836084326348  .000002533595318  233.443626912158  2.39245488059462
 12  235.836084261404  .000002661345999  233.443626719463  2.39245488059462
 13  235.836084193212  .000002795516928  233.443626517101  2.39245488059462
 14  235.836084121582  .000002936431256  233.443626304556  2.39245488059462
 15  235.836084046339  .000003084428384  233.443626081316  2.39245488059462
 16  235.836083967310  .000003239864783  233.443625846850  2.39245488059462
 17  235.836083884327  .000003403114847  233.443625600618  2.39245488059462
 18  235.836083796923  .000003574571802  233.443625341757  2.39245488059462
 19  235.836083705488  .000003754648647  233.443625070245  2.39245488059462
&
# h = 1 (l = 4)
@ type xy
 0  .108938265792634  .000000000000000  .000000000000000  .108938265792634
 1  .108938265792634  .000000000000000  .000000000000000  .108938265792634
 2  .108938265792634  .000000000000000  .000000000000000  .108938265792634
 3  .108938265792634  .000000000000000  .000000000000000  .108938265792634
 4  .108938265792634  .000000000000000  .000000000000000  .108938265792634
 5  .108938265792634  .000000000000000  .000000000000000  .108938265792634
 6  .108938265792634  .000000000000000  .000000000000000  .108938265792634
 7  .108938265792634  .000000000000000  .000000000000000  .108938265792634
 8  .108938265792634  .000000000000000  .000000000000000  .108938265792634
 9  .108938265792634  .000000000000000  .000000000000000  .108938265792634
 10  .108938265792634  .000000000000000  .000000000000000  .108938265792634
 11  .108938265792634  .000000000000000  .000000000000000  .108938265792634
 12  .108938265792634  .000000000000000  .000000000000000  .108938265792634
 13  .108938265792634  .000000000000000  .000000000000000  .108938265792634
 14  .108938265792634  .000000000000000  .000000000000000  .108938265792634
 15  .108938265792634  .000000000000000  .000000000000000  .108938265792634
 16  .108938265792634  .000000000000000  .000000000000000  .108938265792634
 17  .108938265792634  .000000000000000  .000000000000000  .108938265792634
 18  .108938265792634  .000000000000000  .000000000000000  .108938265792634
 19  .108938265792634  .000000000000000  .000000000000000  .108938265792634
&
# h = 2 (l = 6)
@ type xy
 0 -.074905439736622  .000000000000000  .000000000000000 -.074905439736622
 1 -.074905439736622  .000000000000000  .000000000000000 -.074905439736622
 2 -.074905439736622  .000000000000000  .000000000000000 -.074905439736622
 3 -.074905439736622  .000000000000000  .000000000000000 -.074905439736622
 4 -.074905439736622  .000000000000000  .000000000000000 -.074905439736622
 5 -.074905439736622  .000000000000000  .000000000000000 -.074905439736622
 6 -.074905439736622  .000000000000000  .000000000000000 -.074905439736622
 7 -.074905439736622  .000000000000000  .000000000000000 -.074905439736622
 8 -.074905439736622  .000000000000000  .000000000000000 -.074905439736622
 9 -.074905439736622  .000000000000000  .000000000000000 -.074905439736622
 10 -.074905439736622  .000000000000000  .000000000000000 -.074905439736622
 11 -.074905439736622  .000000000000000  .000000000000000 -.074905439736622
 12 -.074905439736622  .000000000000000  .000000000000000 -.074905439736622
 13 -.074905439736622  .000000000000000  .000000000000000 -.074905439736622
 14 -.074905439736622  .000000000000000  .000000000000000 -.074905439736622
 15 -.074905439736622  .000000000000000  .000000000000000 -.074905439736622
 16 -.074905439736622  .000000000000000  .000000000000000 -.074905439736622
 17 -.074905439736622  .000000000000000  .000000000000000 -.074905439736622
 18 -.074905439736622  .000000000000000  .000000000000000 -.074905439736622
 19 -.074905439736622  .000000000000000  .000000000000000 -.074905439736622
&
# h = 3 (l = 8)
@ type xy
 0 -.010481531414860  .000000000000000  .000000000000000 -.010481531414860
 1 -.010481531414860  .000000000000000  .000000000000000 -.010481531414860
 2 -.010481531414860  .000000000000000  .000000000000000 -.010481531414860
 3 -.010481531414860  .000000000000000  .000000000000000 -.010481531414860
 4 -.010481531414860  .000000000000000  .000000000000000 -.010481531414860
 5 -.010481531414860  .000000000000000  .000000000000000 -.010481531414860
 6 -.010481531414860  .000000000000000  .000000000000000 -.010481531414860
 7 -.010481531414860  .000000000000000  .000000000000000 -.010481531414860
 8 -.010481531414860  .000000000000000  .000000000000000 -.010481531414860
 9 -.010481531414860  .000000000000000  .000000000000000 -.010481531414860
 10 -.010481531414860  .000000000000000  .000000000000000 -.010481531414860
 11 -.010481531414860  .000000000000000  .000000000000000 -.010481531414860
 12 -.010481531414860  .000000000000000  .000000000000000 -.010481531414860
 13 -.010481531414860  .000000000000000  .000000000000000 -.010481531414860
 14 -.010481531414860  .000000000000000  .000000000000000 -.010481531414860
 15 -.010481531414860  .000000000000000  .000000000000000 -.010481531414860
 16 -.010481531414860  .000000000000000  .000000000000000 -.010481531414860
 17 -.010481531414860  .000000000000000  .000000000000000 -.010481531414860
 18 -.010481531414860  .000000000000000  .000000000000000 -.010481531414860
 19 -.010481531414860  .000000000000000  .000000000000000 -.010481531414860
&
