 (2i8)
      23       2
 (i8, f12.7, f18.14, i8)
     539   2.2313925  0.02500000000000       4
 (2i12)
         538           1             scalar potential, harmonic  1
 (3e22.14)
  0.60831203349018E-03  0.62376348156186E-03  0.63960739047827E-03
  0.65585372839249E-03  0.67251271664623E-03  0.68959483619846E-03
  0.70711083420058E-03  0.72507173076334E-03  0.74348882593889E-03
  0.76237370680148E-03  0.78173825473380E-03  0.80159465290259E-03
  0.82195539392712E-03  0.84283328773869E-03  0.86424146964122E-03
  0.88619340857753E-03  0.90870291560371E-03  0.93178415257930E-03
  0.95545164108428E-03  0.97972027154741E-03  0.10046053126256E-02
  0.10301224208080E-02  0.10562876502696E-02  0.10831174629733E-02
  0.11106287390327E-02  0.11388387873288E-02  0.11677653564126E-02
  0.11974266456647E-02  0.12278413167566E-02  0.12590285053915E-02
  0.12910078333491E-02  0.13237994208357E-02  0.13574238991450E-02
  0.13919024236452E-02  0.14272566870987E-02  0.14635089333035E-02
  0.15006819711072E-02  0.15387991887560E-02  0.15778845686216E-02
  0.16179627022902E-02  0.16590588060501E-02  0.17011987367552E-02
  0.17444090081200E-02  0.17887168073818E-02  0.18341500124453E-02
  0.18807372094124E-02  0.19285077105874E-02  0.19774915729299E-02
  0.20277196169780E-02  0.20792234462476E-02  0.21320354671462E-02
  0.21861889093531E-02  0.22417178467629E-02  0.22986572189292E-02
  0.23570428530703E-02  0.24169114866285E-02  0.24783007904032E-02
  0.25412493922708E-02  0.26057969015246E-02  0.26719839337968E-02
  0.27398521366564E-02  0.28094442158351E-02  0.28808039621210E-02
  0.29539762789436E-02  0.30290072106584E-02  0.31059439715450E-02
  0.31848349755661E-02  0.32657298668353E-02  0.33486795509225E-02
  0.34337362269073E-02  0.35209534202724E-02  0.36103860166253E-02
  0.37020902962819E-02  0.37961239697251E-02  0.38925462139915E-02
  0.39914177099259E-02  0.40928006804562E-02  0.41967589297931E-02
  0.43033578836473E-02  0.44126646304682E-02  0.45247479637287E-02
  0.46396784252895E-02  0.47575283498917E-02  0.48783719107144E-02
  0.50022851661826E-02  0.51293461079014E-02  0.52596347098414E-02
  0.53932329787670E-02  0.55302250059568E-02  0.56706970202257E-02
  0.58147374423498E-02  0.59624369407772E-02  0.61138884888796E-02
  0.62691874235782E-02  0.64284315054977E-02  0.65917209806525E-02
  0.67591586436997E-02  0.69308499027991E-02  0.71069028461809E-02
  0.72874283102903E-02  0.74725399498250E-02  0.76623543094410E-02
  0.78569908973442E-02  0.80565722607492E-02  0.82612240632555E-02
  0.84710751641996E-02  0.86862577000895E-02  0.89069071679778E-02
  0.91331625111428E-02  0.93651662068253E-02  0.96030643562654E-02
  0.98470067770250E-02  0.10097147097678E-01  0.10353642854880E-01
  0.10616655593054E-01  0.10886350966362E-01  0.11162898843608E-01
  0.11446473415555E-01  0.11737253305146E-01  0.12035421680480E-01
  0.12341166370688E-01  0.12654679984779E-01  0.12976160033560E-01
  0.13305809054560E-01  0.13643834740339E-01  0.13990450069928E-01
  0.14345873443679E-01  0.14710328821623E-01  0.15084045865303E-01
  0.15467260083241E-01  0.15860212980289E-01  0.16263152210469E-01
  0.16676331734164E-01  0.17100011978993E-01  0.17534460005012E-01
  0.17979949674029E-01  0.18436761823385E-01  0.18905184444088E-01
  0.19385512863658E-01  0.19878049933418E-01  0.20383106220937E-01
  0.20901000207127E-01  0.21432058488575E-01  0.21976615985029E-01
  0.22535016152171E-01  0.23107611199929E-01  0.23694762316488E-01
  0.24296839897746E-01  0.24914223783128E-01  0.25547303497102E-01
  0.26196478497127E-01  0.26862158427898E-01  0.27544763382180E-01
  0.28244724168284E-01  0.28962482584770E-01  0.29698491701576E-01
  0.30453216149165E-01  0.31227132414613E-01  0.32020729145564E-01
  0.32834507461947E-01  0.33668981275817E-01  0.34524677619382E-01
  0.35402136981745E-01  0.36301913653843E-01  0.37224576082930E-01
  0.38170707235833E-01  0.39140904971725E-01  0.40135782424563E-01
  0.41155968395412E-01  0.42202107754923E-01  0.43274861856482E-01
  0.44374908959411E-01  0.45502944664073E-01  0.46659682357503E-01
  0.47845853671016E-01  0.49062208949515E-01  0.50309517733106E-01
  0.51588569251062E-01  0.52900172929053E-01  0.54245158908706E-01
  0.55624378581732E-01  0.57038705137157E-01  0.58489034123169E-01
  0.59976284023464E-01  0.61501396848626E-01  0.63065338742839E-01
  0.64669100606814E-01  0.66313698735985E-01  0.68000175476589E-01
  0.69729599897854E-01  0.71503068482243E-01  0.73321705833465E-01
  0.75186665403104E-01  0.77099130235956E-01  0.79060313735495E-01
  0.81071460447978E-01  0.83133846868675E-01  0.85248782267816E-01
  0.87417609538833E-01  0.89641706068397E-01  0.91922484629371E-01
  0.94261394296804E-01  0.96659921388581E-01  0.99119590429082E-01
  0.10164196513991E+00  0.10422864945506E+00  0.10688128856310E+00
  0.10960156997667E+00  0.11239122462916E+00  0.11525202800117E+00
  0.11818580127543E+00  0.12119441252147E+00  0.12427977791218E+00
  0.12744386297174E+00  0.13068868385484E+00  0.13401630866118E+00
  0.13742885878188E+00  0.14092851028260E+00  0.14451749532187E+00
  0.14819810360518E+00  0.15197268387857E+00  0.15584364545912E+00
  0.15981345980607E+00  0.16388466213122E+00  0.16805985305210E+00
  0.17234170028614E+00  0.17673294039056E+00  0.18123638054296E+00
  0.18585490037138E+00  0.19059145382870E+00  0.19544907111504E+00
  0.20043086064904E+00  0.20554001108940E+00  0.21077979340578E+00
  0.21615356300495E+00  0.22166476190542E+00  0.22731692097124E+00
  0.23311366219793E+00  0.23905870105689E+00  0.24515584889609E+00
  0.25140901540156E+00  0.25782221111661E+00  0.26439955002577E+00
  0.27114525219604E+00  0.27806364648729E+00  0.28515917332343E+00
  0.29243638753040E+00  0.29989996124217E+00  0.30755468687256E+00
  0.31540548015772E+00  0.32345738326926E+00  0.33171556799416E+00
  0.34018533899236E+00  0.34887213712294E+00  0.35778154284532E+00
  0.36691927969486E+00  0.37629121783336E+00  0.38590337767436E+00
  0.39576193358785E+00  0.40587321767525E+00  0.41624372362893E+00
  0.42688011066329E+00  0.43778920752580E+00  0.44897801658451E+00
  0.46045371799246E+00  0.47222367392868E+00  0.48429543291828E+00
  0.49667673422098E+00  0.50937551230318E+00  0.52239990137680E+00
  0.53575824001329E+00  0.54945907582738E+00  0.56351117022988E+00
  0.57792350324540E+00  0.59270527839924E+00  0.60786592765565E+00
  0.62341511642567E+00  0.63936274862161E+00  0.65571897176531E+00
  0.67249418214223E+00  0.68969902999723E+00  0.70734442476553E+00
  0.72544154033993E+00  0.74400182035035E+00  0.76303698347589E+00
  0.78255902875622E+00  0.80258024091042E+00  0.82311319564811E+00
  0.84417076496553E+00  0.86576612241501E+00  0.88791274834515E+00
  0.91062443507938E+00  0.93391529205296E+00  0.95779975086530E+00
  0.98229257025199E+00  0.10074088409557E+01  0.10331639904803E+01
  0.10595737877161E+01  0.10866543474186E+01  0.11144221345108E+01
  0.11428939682140E+01  0.11720870259688E+01  0.12020188471258E+01
  0.12327073364027E+01  0.12641707670608E+01  0.12964277837997E+01
  0.13294974053415E+01  0.13633990266569E+01  0.13981524208574E+01
  0.14337777406746E+01  0.14702955195392E+01  0.15077266722153E+01
  0.15460924949710E+01  0.15854146652438E+01  0.16257152408128E+01
  0.16670166583864E+01  0.17093417316547E+01  0.17527136487189E+01
  0.17971559689102E+01  0.18426926189541E+01  0.18893478884738E+01
  0.19371464247908E+01  0.19861132270370E+01  0.20362736395068E+01
  0.20876533443038E+01  0.21402783532097E+01  0.21941749987969E+01
  0.22493699247842E+01  0.23058900756116E+01  0.23637626852572E+01
  0.24230152653141E+01  0.24836755922884E+01  0.25457716942270E+01
  0.26093318366145E+01  0.26743845076332E+01  0.27409584027894E+01
  0.28090824089842E+01  0.28787855880612E+01  0.29500971599338E+01
  0.30230464852892E+01  0.30976630480743E+01  0.31739764377373E+01
  0.32520163314052E+01  0.33318124760804E+01  0.34133946709851E+01
  0.34967927501774E+01  0.35820365656199E+01  0.36691559707540E+01
  0.37581808048762E+01  0.38491408783472E+01  0.39420659588831E+01
  0.40369857590697E+01  0.41339299252791E+01  0.42329280281436E+01
  0.43340095548172E+01  0.44372039030525E+01  0.45425403774315E+01
  0.46500481877057E+01  0.47597564494841E+01  0.48716941873045E+01
  0.49858903401691E+01  0.51023737695727E+01  0.52211732700271E+01
  0.53423175819344E+01  0.54658354068371E+01  0.55917554247129E+01
  0.57201063131389E+01  0.58509167679533E+01  0.59842155250043E+01
  0.61200313824173E+01  0.62583932228288E+01  0.63993300346690E+01
  0.65428709318576E+01  0.66890451706932E+01  0.68378821629451E+01
  0.69894114838460E+01  0.71436628736153E+01  0.73006662310006E+01
  0.74604515973201E+01  0.76230491291241E+01  0.77884890580438E+01
  0.79568016357784E+01  0.81280170627106E+01  0.83021653984373E+01
  0.84792764528334E+01  0.86593796564563E+01  0.88425039096508E+01
  0.90286774098755E+01  0.92179274580959E+01  0.94102802452103E+01
  0.96057606210903E+01  0.98043918497432E+01  0.10006195355595E+02
  0.10211190467449E+02  0.10419394168330E+02  0.10630820860906E+02
  0.10845482160199E+02  0.11063386725959E+02  0.11284540148493E+02
  0.11508944901557E+02  0.11736600375312E+02  0.11967503000279E+02
  0.12201646470197E+02  0.12439022066323E+02  0.12679619080395E+02
  0.12923425324944E+02  0.13170427712345E+02  0.13420612875110E+02
  0.13673967792540E+02  0.13930480383000E+02  0.14190140017938E+02
  0.14452937913675E+02  0.14718867361777E+02  0.14987923765835E+02
  0.15260104464374E+02  0.15535408332665E+02  0.15813835170803E+02
  0.16095384899747E+02  0.16380056599050E+02  0.16667847429527E+02
  0.16958751491283E+02  0.17252758668713E+02  0.17549853514715E+02
  0.17850014221975E+02  0.18153211724123E+02  0.18459408962006E+02
  0.18768560343279E+02  0.19080611414690E+02  0.19395498760553E+02
  0.19713150132122E+02  0.20033484807877E+02  0.20356414178404E+02
  0.20681842544837E+02  0.21009668115561E+02  0.21339784182100E+02
  0.21672080450493E+02  0.22006444502897E+02  0.22342763358762E+02
  0.22680925103362E+02  0.23020820547388E+02  0.23362344879005E+02
  0.23705399266435E+02  0.24049892367091E+02  0.24395741695860E+02
  0.24742874805316E+02  0.25091230226694E+02  0.25440758122046E+02
  0.25791420597091E+02  0.26143191626300E+02  0.26496056544667E+02
  0.26850011066564E+02  0.27205059798251E+02  0.27561214225051E+02
  0.27918490166901E+02  0.28276904720220E+02  0.28636472731890E+02
  0.28997202888894E+02  0.29359093554423E+02  0.29722128539287E+02
  0.30086273061579E+02  0.30451470221986E+02  0.30817638384205E+02
  0.31184669901694E+02  0.31552431638745E+02  0.31920767678228E+02
  0.32289504460627E+02  0.32658458345004E+02  0.33027445223001E+02
  0.33396291404489E+02  0.33764844591626E+02  0.34132983498924E+02
  0.34500624651373E+02  0.34867725173040E+02  0.35234280934805E+02
  0.35600320147945E+02  0.35965893188810E+02  0.36331059960998E+02
  0.36695876323057E+02  0.37060381045976E+02  0.37424584470409E+02
  0.37788459630959E+02  0.38151936205657E+02  0.38514897308619E+02
  0.38877178899259E+02  0.39238571446435E+02  0.39598823419332E+02
  0.39957646179480E+02  0.40314719876235E+02  0.40669699995944E+02
  0.41022224264868E+02  0.41371919656564E+02  0.41718409292746E+02
  0.42061319071979E+02  0.42400283882390E+02  0.42734953289129E+02
  0.43064996606354E+02  0.43390107285553E+02  0.43710006569910E+02
  0.44024446383366E+02  0.44333211433271E+02  0.44636120530366E+02
  0.44933027131620E+02  0.45223819133527E+02  0.45508417950176E+02
  0.45786776922352E+02  0.46058879112721E+02  0.46324734552515E+02
  0.46584377005662E+02  0.46837860335076E+02  0.47085254546975E+02
  0.47326641606525E+02  0.47562111117484E+02  0.47791755966789E+02
  0.48015668040756E+02  0.48233934129324E+02  0.48446632133587E+02
  0.48653827712316E+02  0.48855571487816E+02  0.49051896941064E+02
  0.49242819103442E+02  0.49428334124274E+02  0.49608419740880E+02
  0.49783036607972E+02  0.49952130337228E+02  0.50115634006177E+02
  0.50273470762955E+02  0.50425556076794E+02  0.50571799118434E+02
  0.50712102753085E+02  0.50846361675945E+02  0.50974458318441E+02
  0.51096256252280E+02  0.51211590943126E+02  0.51320257741577E+02
  0.51421997026122E+02  0.51516476343977E+02  0.51603269286767E+02
  0.51681830678847E+02
 (2i12)
         367         172             scalar potential, harmonic  2
 (3e22.14)
  0.25046005324100E-15  0.27784011723953E-15  0.30627712144406E-15
  0.34003433908849E-15  0.37684434077172E-15  0.41643208588217E-15
  0.46030360528860E-15  0.50881636257772E-15  0.56220669597748E-15
  0.62281974941813E-15  0.68605952817654E-15  0.75712339170383E-15
  0.83557047895666E-15  0.92074773555714E-15  0.10149611390669E-14
  0.11197989364958E-14  0.12314981385758E-14  0.13575323621744E-14
  0.14966352719908E-14  0.16460052555943E-14  0.18104493971301E-14
  0.19890411717915E-14  0.21906461917532E-14  0.24090284549443E-14
  0.26432613515917E-14  0.28988481901999E-14  0.31890257425378E-14
  0.35050469081395E-14  0.38411060312291E-14  0.42170440756626E-14
  0.46268516764229E-14  0.50678506550943E-14  0.55619812112893E-14
  0.60890407794494E-14  0.66678845371992E-14  0.73078669581803E-14
  0.79985169008569E-14  0.87535015192505E-14  0.95764581064467E-14
  0.10472902107400E-13  0.11449800662041E-13  0.12511426387789E-13
  0.13674676445229E-13  0.14940349934086E-13  0.16312038068539E-13
  0.17796810391451E-13  0.19421697907365E-13  0.21183659619319E-13
  0.23096078352351E-13  0.25162599235484E-13  0.27416322004723E-13
  0.29858944344592E-13  0.32496012346671E-13  0.35366030332747E-13
  0.38462995681761E-13  0.41810025976282E-13  0.45432158511795E-13
  0.49349957375160E-13  0.53571349189111E-13  0.58121521839898E-13
  0.63034385590016E-13  0.68331166278800E-13  0.74021454891449E-13
  0.80152831858944E-13  0.86730588412371E-13  0.93781422271408E-13
  0.10135676912775E-12  0.10946442799502E-12  0.11812784814026E-12
  0.12740001160051E-12  0.13729484289312E-12  0.14782249883297E-12
  0.15903091626726E-12  0.17093791149881E-12  0.18355198824519E-12
  0.19690065557450E-12  0.21098619751214E-12  0.22582344405556E-12
  0.24140230525431E-12  0.25772324838865E-12  0.27477741373200E-12
  0.29247156990762E-12  0.31081368047070E-12  0.32970202727254E-12
  0.34904991408656E-12  0.36874242873158E-12  0.38863839124887E-12
  0.40855213550064E-12  0.42817847548216E-12  0.44732434022539E-12
  0.46561914439966E-12  0.48264000574964E-12  0.49790886572751E-12
  0.51083843952173E-12  0.52074056543047E-12  0.52681226594000E-12
  0.52806274166021E-12  0.52341044341034E-12  0.51153247002589E-12
  0.49093451598286E-12  0.45975146646488E-12  0.41601874627772E-12
  0.35732323987983E-12  0.28081345303114E-12  0.18342645514873E-12
  0.61311117481990E-13 -0.89654813789147E-13 -0.27448551233817E-12
 -0.49875851249231E-12 -0.76899972464520E-12 -0.10926194901688E-11
 -0.14782642909248E-11 -0.19356901665732E-11 -0.24761203234017E-11
 -0.31124358447292E-11 -0.38593503770409E-11 -0.47337810680897E-11
 -0.57548621728750E-11 -0.69445885289103E-11 -0.83280760961154E-11
 -0.99339546057643E-11 -0.11794860776685E-10 -0.13948015628965E-10
 -0.16435902201341E-10 -0.19306808581866E-10 -0.22615788475950E-10
 -0.26425481453097E-10 -0.30807252891875E-10 -0.35842229145667E-10
 -0.41622604228439E-10 -0.48253332758348E-10 -0.55853651482788E-10
 -0.64559099814949E-10 -0.74523530987039E-10 -0.85921867796414E-10
 -0.98952647957127E-10 -0.11384130495561E-09 -0.13084362705998E-09
 -0.15024987805431E-09 -0.17238967612425E-09 -0.19763639800978E-09
 -0.22641392485052E-09 -0.25920269956389E-09 -0.29654739607774E-09
 -0.33906538351792E-09 -0.38745618642456E-09 -0.44251270292844E-09
 -0.50513294757211E-09 -0.57633402691898E-09 -0.65726784319712E-09
 -0.74923861428339E-09 -0.85372302970556E-09 -0.97239222948269E-09
 -0.11071373468472E-08 -0.12600986509368E-08 -0.14336969756363E-08
 -0.16306707085617E-08 -0.18541167963099E-08 -0.21075367925352E-08
 -0.23948894336760E-08 -0.27206488692228E-08 -0.30898716825549E-08
 -0.35082712166831E-08 -0.39823013923728E-08 -0.45192513712038E-08
 -0.51273522790217E-08 -0.58158969415983E-08 -0.65953740582604E-08
 -0.74776203895347E-08 -0.84759899672626E-08 -0.96055456912078E-08
 -0.10883273766535E-07 -0.12328324243153E-07 -0.13962281714417E-07
 -0.15809466586170E-07 -0.17897275810937E-07 -0.20256562416287E-07
 -0.22922060307060E-07 -0.25932860558132E-07 -0.29332943311768E-07
 -0.33171771067818E-07 -0.37504953385487E-07 -0.42394985411444E-07
 -0.47912073566716E-07 -0.54135053414114E-07 -0.61152411550580E-07
 -0.69063421466608E-07 -0.77979404231158E-07 -0.88025128362064E-07
 -0.99340357728416E-07 -0.11208156793770E-06 -0.12642383937660E-06
 -0.14256294849571E-06 -0.16071767121015E-06 -0.18113231582211E-06
 -0.20407950495899E-06 -0.22986322510283E-06 -0.25882216199026E-06
 -0.29133334040399E-06 -0.32781609223340E-06 -0.36873636511349E-06
 -0.41461139395982E-06 -0.46601475283616E-06 -0.52358180171040E-06
 -0.58801554310158E-06 -0.66009290306764E-06 -0.74067144627440E-06
 -0.83069653839868E-06 -0.93120896197367E-06 -0.10433530036853E-05
 -0.11683850220260E-05 -0.13076825221161E-05 -0.14627537710263E-05
 -0.16352480083348E-05 -0.18269663353421E-05 -0.20398734108738E-05
 -0.22761101353566E-05 -0.25380075901349E-05 -0.28281025991969E-05
 -0.31491554157569E-05 -0.35041702074487E-05 -0.38964192116341E-05
 -0.43294716813493E-05 -0.48072290092792E-05 -0.53339677191921E-05
 -0.59143923199245E-05 -0.65537002983341E-05 -0.72576617649445E-05
 -0.80327163930259E-05 -0.88860902670060E-05 -0.98259350174100E-05
 -0.10861491119854E-04 -0.12003276419612E-04 -0.13263299845347E-04
 -0.14655298872713E-04 -0.16194997738486E-04 -0.17900381792881E-04
 -0.19791981907551E-04 -0.21893161732506E-04 -0.24230400008480E-04
 -0.26833560206678E-04 -0.29736140521684E-04 -0.32975498615116E-04
 -0.36593047249068E-04 -0.40634418831399E-04 -0.45149598548335E-04
 -0.50193026880221E-04 -0.55823672702118E-04 -0.62105077680687E-04
 -0.69105371334202E-04 -0.76897254019058E-04 -0.85557942373705E-04
 -0.95169068608882E-04 -0.10581652163922E-03 -0.11759021450926E-03
 -0.13058375896977E-03 -0.14489402443016E-03 -0.16062055476969E-03
 -0.17786481261882E-03 -0.19672921661666E-03 -0.21731593268989E-03
 -0.23972537555866E-03 -0.26405437132090E-03 -0.29039392608285E-03
 -0.31882653917832E-03 -0.34942299256355E-03 -0.38223854059531E-03
 -0.41730841679863E-03 -0.45464256671064E-03 -0.49421950901112E-03
 -0.53597922169867E-03 -0.57981494735139E-03 -0.62556381328571E-03
 -0.67299617152393E-03 -0.72180358372518E-03 -0.77158541333071E-03
 -0.82183404901115E-03 -0.87191888107567E-03 -0.92106930091128E-03
 -0.96835721261676E-03 -0.10126798617296E-02 -0.10527442299225E-02
 -0.10870548532796E-02 -0.11139077318549E-02 -0.11313940366500E-02
 -0.11374185852577E-02 -0.11297394860905E-02 -0.11060367682871E-02
 -0.10640188645092E-02 -0.10015758838360E-02 -0.91698677917069E-03
 -0.80918258511477E-03 -0.67805865315533E-03 -0.52481454196407E-03
 -0.35228167902816E-03 -0.16517937841244E-03  0.29774258560117E-04
  0.22396977091264E-03  0.40728260212674E-03  0.56872128436154E-03
  0.69728676086194E-03  0.78292098405120E-03  0.81738821634020E-03
  0.79494047360399E-03  0.71266872439189E-03  0.57051557909794E-03
  0.37099670839371E-03  0.11872530922918E-03 -0.18015188920605E-03
 -0.51851233465287E-03 -0.88874361442404E-03 -0.12831243592710E-02
 -0.16940932644274E-02 -0.21144167849705E-02 -0.25372746831474E-02
 -0.29562846878638E-02 -0.33654856594472E-02 -0.37592949659354E-02
 -0.41324516944137E-02 -0.44799536223053E-02 -0.47969928836738E-02
 -0.50788930315374E-02 -0.53210486326200E-02 -0.55188674976816E-02
 -0.56677150124947E-02 -0.57628596717137E-02 -0.57994187407887E-02
 -0.57723029095561E-02 -0.56761588106587E-02 -0.55053083213444E-02
 -0.52536836282792E-02 -0.49147570930475E-02 -0.44814649988860E-02
 -0.39461242674707E-02 -0.33003411905429E-02 -0.25349110893513E-02
 -0.16397075531964E-02 -0.60355944705172E-03  0.58588687422133E-03
  0.19423238784276E-02  0.34809631758552E-02  0.52187478432185E-02
  0.71746082264901E-02  0.93697773043703E-02  0.11828187471646E-01
  0.14576977359959E-01  0.17647144465940E-01  0.21074385750323E-01
  0.24900172209728E-01  0.29173102380232E-01  0.33950571435003E-01
  0.39300775567501E-01  0.45305046573689E-01  0.52060483419759E-01
  0.59682824533982E-01  0.68309497438522E-01  0.78102800865126E-01
  0.89253222511241E-01  0.10198296768099E+00  0.11654985597806E+00
  0.13325181680407E+00  0.15243226477585E+00  0.17448665759338E+00
  0.19987053572548E+00  0.22910932668706E+00  0.26281017840611E+00
  0.30167607374662E+00
 (2i12)
         329         210             scalar potential, harmonic  3
 (3e22.14)
  0.23368438721072E-15  0.23758967736029E-15  0.24269941905207E-15
  0.24801538662704E-15  0.25248703523327E-15  0.26167580571969E-15
  0.26608832069902E-15  0.27421720273095E-15  0.28363258673058E-15
  0.28677161441602E-15  0.29419517342823E-15  0.30539848001773E-15
  0.31295568867099E-15  0.31865705931478E-15  0.32143078340928E-15
  0.33587862220427E-15  0.34641679624179E-15  0.35163405426605E-15
  0.35923837389443E-15  0.37248346982368E-15  0.38026140242923E-15
  0.38816348253560E-15  0.39777560610641E-15  0.40511511535243E-15
  0.41980082106144E-15  0.42688816596073E-15  0.43725284342371E-15
  0.44656834425268E-15  0.45738044484098E-15  0.47068523896565E-15
  0.48325913611752E-15  0.49382068839436E-15  0.50392527105754E-15
  0.52024252389637E-15  0.53254726336287E-15  0.54715644076412E-15
  0.55913478443118E-15  0.56837425845179E-15  0.58276735394639E-15
  0.60003403330780E-15  0.61756115880438E-15  0.64115204591551E-15
  0.63338980403261E-15  0.65189625791025E-15  0.67185766905345E-15
  0.69199778973133E-15  0.71782291356835E-15  0.72665487693893E-15
  0.73860881039964E-15  0.75989525492027E-15  0.77801280242997E-15
  0.79673897841859E-15  0.81353098670827E-15  0.84119092354147E-15
  0.85213999778681E-15  0.87890420795025E-15  0.88446606114082E-15
  0.92098121722778E-15  0.93670756761221E-15  0.96411456800314E-15
  0.98277553328180E-15  0.10207053512663E-14  0.10460215479394E-14
  0.10801062108845E-14  0.10856823364890E-14  0.11054934341685E-14
  0.11472015902939E-14  0.11598722205016E-14  0.11804804537742E-14
  0.12154393209938E-14  0.12581708637153E-14  0.12743348969162E-14
  0.13209080814198E-14  0.13300550091905E-14  0.13690342881104E-14
  0.14075153975262E-14  0.14460916179712E-14  0.14825258291561E-14
  0.15162508720036E-14  0.15227178041694E-14  0.15600242648469E-14
  0.16094918307650E-14  0.16410835117602E-14  0.16660872425421E-14
  0.17265036522282E-14  0.17618962702263E-14  0.17994985799928E-14
  0.18348122268189E-14  0.18873403626504E-14  0.19319293765918E-14
  0.19546325209257E-14  0.20051539511791E-14  0.20544785053547E-14
  0.21149024760945E-14  0.21541457357075E-14  0.21980352748231E-14
  0.22651848151551E-14  0.22882747554944E-14  0.23553976925884E-14
  0.23917546877951E-14  0.24517545966845E-14  0.25433043848579E-14
  0.25692823631403E-14  0.26303196061829E-14  0.26910085144150E-14
  0.27629292712283E-14  0.28094121307691E-14  0.28647772288719E-14
  0.29406281060433E-14  0.30207574360996E-14  0.31062414878440E-14
  0.31299814113870E-14  0.31933661949777E-14  0.33055565600224E-14
  0.33282574268650E-14  0.34263955962236E-14  0.35044253257611E-14
  0.36308818170967E-14  0.37265983801623E-14  0.38732150067812E-14
  0.39268790958950E-14  0.40564442819317E-14  0.42037300816596E-14
  0.43318272867120E-14  0.44613133167602E-14  0.46582233719480E-14
  0.48902092390714E-14  0.50308489115987E-14  0.53382962005495E-14
  0.56004747164695E-14  0.59548070864813E-14  0.63235633945961E-14
  0.67376152619793E-14  0.72913612420821E-14  0.78270653001586E-14
  0.84450024606053E-14  0.93333348561683E-14  0.10259545172574E-13
  0.11375856126775E-13  0.12613059618123E-13  0.14227364364176E-13
  0.15985425443381E-13  0.18095464497680E-13  0.20670281725753E-13
  0.23587033130082E-13  0.27072881354211E-13  0.31358496247104E-13
  0.36274071623114E-13  0.42221703103732E-13  0.49198193588778E-13
  0.57502425727470E-13  0.67429418673504E-13  0.79152469010330E-13
  0.93129555380315E-13  0.10989819210536E-12  0.12972080607007E-12
  0.15328609820326E-12  0.18132914790317E-12  0.21484959896143E-12
  0.25486528758620E-12  0.30239728344996E-12  0.35906867988674E-12
  0.42692044433163E-12  0.50789868556469E-12  0.60460481170634E-12
  0.72035277867353E-12  0.85916399569390E-12  0.10253454349651E-11
  0.12251035351806E-11  0.14651784548783E-11  0.17544906704949E-11
  0.21033146482128E-11  0.25252360907241E-11  0.30364005997965E-11
  0.36570814216405E-11  0.44128764813062E-11  0.53353892671756E-11
  0.64649775071026E-11  0.78520133072345E-11  0.95604913200094E-11
  0.11671888328391E-10  0.14289092574060E-10  0.17543916231483E-10
  0.21604061138968E-10  0.26683295367687E-10  0.33055082989803E-10
  0.41067214293229E-10  0.51163337059058E-10  0.63906405841580E-10
  0.80010290988797E-10  0.10037624734325E-09  0.12613785459659E-09
  0.15871369071355E-09  0.19986995624314E-09  0.25179336740699E-09
  0.31717388871413E-09  0.39929978836681E-09  0.50216433293774E-09
  0.63058563961211E-09  0.79034077854477E-09  0.98831686718185E-09
  0.12326812415922E-08  0.15330775449874E-08  0.19008534368865E-08
  0.23493297709049E-08  0.28941223642462E-08  0.35535342031939E-08
  0.43490300974628E-08  0.53058213961085E-08  0.64535824021377E-08
  0.78273265671164E-08  0.94684812843027E-08  0.11426202252488E-07
  0.13758976517938E-07  0.16536583284786E-07  0.19842484657664E-07
  0.23776750526605E-07  0.28459634156244E-07  0.34035958889986E-07
  0.40680500501244E-07  0.48604613875667E-07  0.58064403929583E-07
  0.69370824467933E-07  0.82902189545117E-07  0.99119700116189E-07
  0.11858676461474E-06  0.14199307770529E-06  0.17018469354634E-06
  0.20420165229666E-06  0.24532513362474E-06  0.29513663775060E-06
  0.35559235062458E-06  0.42911668328041E-06  0.51871999462355E-06
  0.62814677737341E-06  0.76206212204987E-06  0.92628610319429E-06
  0.11280878542492E-05  0.13765534577594E-05  0.16830442445764E-05
  0.20617643357844E-05  0.25304578002291E-05  0.31112556212860E-05
  0.38316893687823E-05  0.47258796803156E-05  0.58358900770681E-05
  0.72132056876409E-05  0.89202463791541E-05  0.11031748265242E-04
  0.13635741521133E-04  0.16833715415713E-04  0.20739403974035E-04
  0.25475477772009E-04  0.31167348520916E-04  0.37933377847347E-04
  0.45871150516085E-04  0.55040234426431E-04  0.65443026745640E-04
  0.77006709016047E-04  0.89570568914589E-04  0.10288333489079E-03
  0.11661407982209E-03  0.13037749016722E-03  0.14377047289380E-03
  0.15641354220443E-03  0.16798871288064E-03  0.17826655511618E-03
  0.18711825060764E-03  0.19451255283918E-03  0.20050092698629E-03
  0.20519585610800E-03  0.20874726894917E-03  0.21132083787429E-03
  0.21308026831053E-03  0.21417423776295E-03  0.21472762655406E-03
  0.21483614457425E-03  0.21456329108861E-03  0.21393864375496E-03
  0.21295663510340E-03  0.21157515702225E-03  0.20971349123911E-03
  0.20724917814196E-03  0.20401350472803E-03  0.19978531939455E-03
  0.19428287302856E-03  0.18715334803474E-03  0.17795967346938E-03
  0.16616413701750E-03  0.15110819295347E-03  0.13198772741285E-03
  0.10782287453903E-03  0.77421274334163E-04  0.39333418586036E-04
 -0.82015626720849E-05 -0.67321674419789E-04 -0.14062181164956E-03
 -0.23125042018361E-03 -0.34302658123789E-03 -0.48058173451873E-03
 -0.64953106388782E-03 -0.85668049811066E-03 -0.11102763289734E-02
 -0.14203056175570E-02 -0.17988568398901E-02 -0.22605516107152E-02
 -0.28230598270882E-02 -0.35077122391302E-02 -0.43402264028293E-02
 -0.53515644443698E-02 -0.65789444835733E-02 -0.80670325455606E-02
 -0.98693491213389E-02 -0.12049935040456E-01 -0.14685335594623E-01
 -0.17866979989794E-01 -0.21704054572138E-01 -0.26326991645737E-01
 -0.31891719789821E-01 -0.38584845907981E-01 -0.46629964830088E-01
 -0.56295321790913E-01 -0.67903090073569E-01 -0.81840573835780E-01
 -0.98573706702003E-01 -0.11866329080014E+00 -0.14278450833013E+00
 -0.17175033831104E+00 -0.20653962562282E+00
 (2i12)
         446          93             scalar potential, harmonic  4
 (3e22.14)
 -0.22882437921534E-15 -0.23512558996948E-15 -0.24095300494330E-15
 -0.24716741329575E-15 -0.25310693732678E-15 -0.25917249391773E-15
 -0.26602742127158E-15 -0.27247329446303E-15 -0.27988111394260E-15
 -0.28654035765968E-15 -0.29361434982935E-15 -0.30096068887406E-15
 -0.30871958570974E-15 -0.31603121427136E-15 -0.32406925641802E-15
 -0.33219229345977E-15 -0.34051276891438E-15 -0.34858833420781E-15
 -0.35747946615958E-15 -0.36661604265525E-15 -0.37626775997121E-15
 -0.38553468349090E-15 -0.39497436940232E-15 -0.40499727525513E-15
 -0.41484710187233E-15 -0.42514321170115E-15 -0.43601482073087E-15
 -0.44644183020769E-15 -0.45778651139131E-15 -0.46983143953861E-15
 -0.48111482488043E-15 -0.49296331188534E-15 -0.50546096053034E-15
 -0.51794247799878E-15 -0.53071955572767E-15 -0.54411465101466E-15
 -0.55819819198313E-15 -0.57151845768717E-15 -0.58565259947500E-15
 -0.60065111847882E-15 -0.61563858529778E-15 -0.63066819788356E-15
 -0.64655010524861E-15 -0.66242823159847E-15 -0.67815326395152E-15
 -0.69607371158955E-15 -0.71371143295832E-15 -0.73163274857976E-15
 -0.74965360229613E-15 -0.76899796275047E-15 -0.78745131792733E-15
 -0.80734344750385E-15 -0.82736452248517E-15 -0.84800955419173E-15
 -0.87036071649379E-15 -0.89098828147334E-15 -0.91270632694074E-15
 -0.93600699631433E-15 -0.95947033015736E-15 -0.98383669085458E-15
 -0.10079251289234E-14 -0.10337472551920E-14 -0.10588112620400E-14
 -0.10850671214611E-14 -0.11116133949562E-14 -0.11401301834692E-14
 -0.11684087296276E-14 -0.11975161473111E-14 -0.12278622350756E-14
 -0.12589226320043E-14 -0.12890283466107E-14 -0.13211489918135E-14
 -0.13539399541044E-14 -0.13888994121323E-14 -0.14226199360984E-14
 -0.14573926553482E-14 -0.14945707314474E-14 -0.15317511819863E-14
 -0.15699877512136E-14 -0.16078028006978E-14 -0.16484022199107E-14
 -0.16895160075150E-14 -0.17325091965155E-14 -0.17753592118396E-14
 -0.18185594164299E-14 -0.18650407719632E-14 -0.19100562189634E-14
 -0.19585220753391E-14 -0.20075286179069E-14 -0.20579999084060E-14
 -0.21088258707380E-14 -0.21594523694293E-14 -0.22135471958381E-14
 -0.22687946246531E-14 -0.23249998177762E-14 -0.23833235634283E-14
 -0.24417982675451E-14 -0.25041338848572E-14 -0.25660651836997E-14
 -0.26312571175295E-14 -0.26928281993863E-14 -0.27629576982376E-14
 -0.28316015726229E-14 -0.29006322815101E-14 -0.29717258263088E-14
 -0.30460768183492E-14 -0.31203725237720E-14 -0.31981309682312E-14
 -0.32777787152562E-14 -0.33584100900094E-14 -0.34410666694366E-14
 -0.35311758591348E-14 -0.36175349948437E-14 -0.37017967701023E-14
 -0.37976300130429E-14 -0.38927563334794E-14 -0.39887106129757E-14
 -0.40875839373946E-14 -0.41885770616670E-14 -0.42916611986265E-14
 -0.43964351803014E-14 -0.45086209325968E-14 -0.46133198307471E-14
 -0.47387784302329E-14 -0.48459809377203E-14 -0.49671094951631E-14
 -0.50949210876018E-14 -0.52145818562975E-14 -0.53440208515085E-14
 -0.54770138106489E-14 -0.56092413699768E-14 -0.57459459270619E-14
 -0.58937924287646E-14 -0.60367509888385E-14 -0.61851426847211E-14
 -0.63355991849848E-14 -0.64888355050007E-14 -0.66507770765888E-14
 -0.68131948006774E-14 -0.69848074712508E-14 -0.71526941532312E-14
 -0.73309594594603E-14 -0.75104333207975E-14 -0.76836727441510E-14
 -0.78735398466997E-14 -0.80737009260692E-14 -0.82745238565857E-14
 -0.84646167838610E-14 -0.86771064423097E-14 -0.88939816943295E-14
 -0.91062628937129E-14 -0.93303805264142E-14 -0.95566132674999E-14
 -0.97905087670584E-14 -0.10025169966287E-13 -0.10273368090901E-13
 -0.10520414569321E-13 -0.10776981480877E-13 -0.11039502001624E-13
 -0.11303259053663E-13 -0.11575654676583E-13 -0.11859981725271E-13
 -0.12153327828148E-13 -0.12441260932524E-13 -0.12737316196668E-13
 -0.13051819048395E-13 -0.13365193278506E-13 -0.13675738172463E-13
 -0.14016314552573E-13 -0.14352631413778E-13 -0.14682425707301E-13
 -0.15053556675869E-13 -0.15407325755657E-13 -0.15777926580063E-13
 -0.16160717475193E-13 -0.16555993403584E-13 -0.16917990519716E-13
 -0.17335544815350E-13 -0.17758937412507E-13 -0.18158348070294E-13
 -0.18586602924103E-13 -0.19037676361965E-13 -0.19481896900005E-13
 -0.19951603757957E-13 -0.20419985357612E-13 -0.20914580745549E-13
 -0.21424453608581E-13 -0.21886768183515E-13 -0.22415369310108E-13
 -0.22932538037131E-13 -0.23490985257409E-13 -0.24038397407807E-13
 -0.24581419009222E-13 -0.25126587078657E-13 -0.25729206628958E-13
 -0.26313803216700E-13 -0.26933819216582E-13 -0.27539312387077E-13
 -0.28175430464754E-13 -0.28840998140355E-13 -0.29505699539475E-13
 -0.30159463786221E-13 -0.30837147201488E-13 -0.31553344072101E-13
 -0.32268547424135E-13 -0.32995188310988E-13 -0.33742284223234E-13
 -0.34481857241607E-13 -0.35267061452457E-13 -0.36060116180575E-13
 -0.36865464562940E-13 -0.37678885709261E-13 -0.38510175521627E-13
 -0.39371689178990E-13 -0.40211311049754E-13 -0.41097871498615E-13
 -0.42010899487536E-13 -0.42907394795440E-13 -0.43823877364773E-13
 -0.44838872036627E-13 -0.45743113678439E-13 -0.46765722568761E-13
 -0.47744911020222E-13 -0.48776692093552E-13 -0.49784670222823E-13
 -0.50884984483787E-13 -0.51908404228609E-13 -0.52956322267754E-13
 -0.54052363855762E-13 -0.55194269795211E-13 -0.56328835388273E-13
 -0.57501539595086E-13 -0.58652469015733E-13 -0.59852723341076E-13
 -0.61053685643563E-13 -0.62235364552305E-13 -0.63489528184707E-13
 -0.64725783620527E-13 -0.65997833109306E-13 -0.67261244013665E-13
 -0.68531040163994E-13 -0.69878254626147E-13 -0.71211961504700E-13
 -0.72544274340825E-13 -0.73944405295381E-13 -0.75324660193486E-13
 -0.76654191091196E-13 -0.78041018848053E-13 -0.79512100630162E-13
 -0.80909791606513E-13 -0.82325480729646E-13 -0.83707607373207E-13
 -0.85208073322857E-13 -0.86601155058568E-13 -0.88068867896572E-13
 -0.89501194178058E-13 -0.90922344037530E-13 -0.92452184590539E-13
 -0.93914990490199E-13 -0.95294076966436E-13 -0.96722583883103E-13
 -0.98169016304928E-13 -0.99563284747402E-13 -0.10102304106784E-12
 -0.10229885125219E-12 -0.10354951667394E-12 -0.10482650559431E-12
 -0.10586748465960E-12 -0.10695803724466E-12 -0.10774176011087E-12
 -0.10852236454971E-12 -0.10891590825657E-12 -0.10915162948264E-12
 -0.10886402735636E-12 -0.10812912865469E-12 -0.10677591761528E-12
 -0.10458109670216E-12 -0.10133816525820E-12 -0.96669673624734E-13
 -0.90123216954694E-13 -0.81196168604178E-13 -0.69135240450842E-13
 -0.52874791270638E-13 -0.31438231896920E-13 -0.26703916688033E-14
  0.35244474671907E-13  0.85505320578428E-13  0.15185208266701E-12
  0.23939908354224E-12  0.35517045586836E-12  0.50773482583358E-12
  0.70938790233694E-12  0.97582463571619E-12  0.13274805472447E-11
  0.17924798303939E-11  0.24066710968525E-11  0.32182475723006E-11
  0.42909912643694E-11  0.57078036651204E-11  0.75788833532808E-11
  0.10047597911857E-10  0.13302854198932E-10  0.17590073295546E-10
  0.23228731593789E-10  0.30632709272941E-10  0.40335569050080E-10
  0.53022250742891E-10  0.69566907664245E-10  0.91079451237709E-10
  0.11895948208539E-09  0.15496103277146E-09  0.20126641182710E-09
  0.26057144062239E-09  0.33618204077737E-09  0.43212169644880E-09
  0.55325353688066E-09  0.70541358074464E-09  0.89556160407775E-09
  0.11319519349872E-08  0.14243277313556E-08  0.17841478952393E-08
  0.22248568138151E-08  0.27622068510810E-08  0.34146538994956E-08
  0.42038421426788E-08  0.51551991933197E-08  0.62986732894978E-08
  0.76696400892139E-08  0.93100194072681E-08  0.11269646337827E-07
  0.13607953935663E-07  0.16396037113403E-07  0.19719181206378E-07
  0.23679966945160E-07  0.28402082424318E-07  0.34035011202958E-07
  0.40759815391147E-07  0.48796268488608E-07  0.58411688667755E-07
  0.69931885746329E-07  0.83754761752735E-07  0.10036724403905E-06
  0.12036640044984E-06  0.14448582303506E-06  0.17362865405762E-06
  0.20890898471283E-06  0.25170383443849E-06  0.30371849300019E-06
  0.36706875165257E-06  0.44438446611072E-06  0.53894005279373E-06
  0.65481892099390E-06  0.79712057552856E-06  0.97222116233634E-06
  0.11881006292084E-05  0.14547523178727E-05  0.17846936048096E-05
  0.21935987838349E-05  0.27010772026263E-05  0.33316196550083E-05
  0.41157326092292E-05  0.50912704323070E-05  0.63049567338726E-05
  0.78140521425235E-05  0.96880708749383E-05  0.12010365201449E-04
  0.14879279370523E-04  0.18408421756084E-04  0.22725426694360E-04
  0.27968407968841E-04  0.34279209157427E-04  0.41792636755248E-04
  0.50621255921336E-04  0.60836162685401E-04  0.72445454716826E-04
  0.85373730490298E-04  0.99447377833749E-04  0.11439092880338E-03
  0.12983862534412E-03  0.14536230109979E-03  0.16051237557742E-03
  0.17486469326256E-03  0.18806386961094E-03  0.19985472815486E-03
  0.21009695018285E-03  0.21876267009325E-03  0.22592063526073E-03
  0.23171256669875E-03  0.23632738042465E-03  0.23997759070037E-03
  0.24288037757880E-03  0.24524413733234E-03  0.24726017727249E-03
  0.24909860623347E-03  0.25090728821748E-03  0.25281280515557E-03
  0.25492257470970E-03  0.25732749613103E-03  0.26010470046761E-03
  0.26332014073837E-03  0.26703087091219E-03  0.27128693580589E-03
  0.27613283618444E-03  0.28160855251211E-03  0.28775011368718E-03
  0.29458968817558E-03  0.30215515714456E-03  0.31046910392374E-03
  0.31954712160797E-03  0.32939530032025E-03  0.34000670636538E-03
  0.35135660538827E-03  0.36339610875739E-03  0.37604383444576E-03
  0.38917506881998E-03  0.40260779265964E-03  0.41608479371200E-03
  0.42925093182393E-03  0.44162445772388E-03  0.45256112451649E-03
  0.46120968969405E-03  0.46645730837521E-03  0.46686329065200E-03
  0.46057975458186E-03  0.44525784162450E-03  0.41793830590102E-03
  0.37492527758222E-03  0.31164153150013E-03  0.22246221047611E-03
  0.10052110092630E-03 -0.62521275226693E-04 -0.27676551199929E-03
 -0.55444370620071E-03 -0.91040850082654E-03 -0.13627855179980E-02
 -0.19338401910805E-02 -0.26511136836039E-02 -0.35488852429720E-02
 -0.46700232794596E-02 -0.60682986706591E-02 -0.78112545739543E-02
 -0.99837592019782E-02 -0.12692412210027E-01 -0.16071032231739E-01
 -0.20287524870093E-01 -0.25552521904552E-01
 (2i12)
         538           1      magnetization potential, harmonic  1
 (3e22.14)
 -0.18148221701274E-08 -0.18601929336156E-08 -0.19066979011935E-08
 -0.19543654236373E-08 -0.20032245585521E-08 -0.20533050925455E-08
 -0.21046375535818E-08 -0.21572532341506E-08 -0.22111842085057E-08
 -0.22664633520788E-08 -0.23231243610725E-08 -0.23812017755971E-08
 -0.24407309971269E-08 -0.25017483120737E-08 -0.25642909138107E-08
 -0.26283969259596E-08 -0.26941054227559E-08 -0.27614564566256E-08
 -0.28304910789099E-08 -0.29012513676525E-08 -0.29737804526049E-08
 -0.30481225405470E-08 -0.31243229416428E-08 -0.32024281006896E-08
 -0.32824856204379E-08 -0.33645442944464E-08 -0.34486541336050E-08
 -0.35348663992631E-08 -0.36232336331613E-08 -0.37138096901861E-08
 -0.38066497689654E-08 -0.39018104493061E-08 -0.39993497212994E-08
 -0.40993270258440E-08 -0.42018032874032E-08 -0.43068409551347E-08
 -0.44145040318634E-08 -0.45248581252889E-08 -0.46379704795578E-08
 -0.47539100147050E-08 -0.48727473784011E-08 -0.49945549779228E-08
 -0.51194070316362E-08 -0.52473796063080E-08 -0.53785506772101E-08
 -0.55130001576582E-08 -0.56508099624932E-08 -0.57920640485506E-08
 -0.59368484706485E-08 -0.60852514322697E-08 -0.62373633388439E-08
 -0.63932768538191E-08 -0.65530869496290E-08 -0.67168909770393E-08
 -0.68847887118035E-08 -0.70568824232906E-08 -0.72332769314512E-08
 -0.74140796757770E-08 -0.75994007729981E-08 -0.77893530915957E-08
 -0.79840523155928E-08 -0.81836170202107E-08 -0.83881687363570E-08
 -0.85978320276882E-08 -0.88127345673841E-08 -0.90330072138862E-08
 -0.92587840939024E-08 -0.94902026745650E-08 -0.97274038607545E-08
 -0.99705320663911E-08 -0.10219735312205E-07 -0.10475165309989E-07
 -0.10736977554531E-07 -0.11005331424483E-07 -0.11280390267635E-07
 -0.11562321512070E-07 -0.11851296753745E-07 -0.12147491871239E-07
 -0.12451087139913E-07 -0.12762267317896E-07 -0.13081221765698E-07
 -0.13408144585610E-07 -0.13743234691424E-07 -0.14086695980626E-07
 -0.14438737425821E-07 -0.14799573196933E-07 -0.15169422818447E-07
 -0.15548511278117E-07 -0.15937069171768E-07 -0.16335332832380E-07
 -0.16743544500120E-07 -0.17161952436830E-07 -0.17590811089905E-07
 -0.18030381258231E-07 -0.18480930210267E-07 -0.18942731904534E-07
 -0.19416067097757E-07 -0.19901223542735E-07 -0.20398496162207E-07
 -0.20908187216679E-07 -0.21430606496299E-07 -0.21966071503788E-07
 -0.22514907633475E-07 -0.23077448372316E-07 -0.23654035543666E-07
 -0.24245019424711E-07 -0.24850759045703E-07 -0.25471622346500E-07
 -0.26107986411140E-07 -0.26760237725912E-07 -0.27428772370397E-07
 -0.28113996275527E-07 -0.28816325465398E-07 -0.29536186291292E-07
 -0.30274015694809E-07 -0.31030261513386E-07 -0.31805382664612E-07
 -0.32599849474552E-07 -0.33414143961767E-07 -0.34248760106128E-07
 -0.35104204146080E-07 -0.35980994889907E-07 -0.36879664018878E-07
 -0.37800756396671E-07 -0.38744830420882E-07 -0.39712458296378E-07
 -0.40704226466924E-07 -0.41720735870373E-07 -0.42762602357561E-07
 -0.43830457041598E-07 -0.44924946646932E-07 -0.46046733919426E-07
 -0.47196498004067E-07 -0.48374934891006E-07 -0.49582757747920E-07
 -0.50820697408737E-07 -0.52089502743260E-07 -0.53389941167250E-07
 -0.54722799058392E-07 -0.56088882190990E-07 -0.57489016262467E-07
 -0.58924047338615E-07 -0.60394842368621E-07 -0.61902289661530E-07
 -0.63447299483995E-07 -0.65030804457948E-07 -0.66653760234863E-07
 -0.68317146002657E-07 -0.70021965000356E-07 -0.71769245186292E-07
 -0.73560039809766E-07 -0.75395427942564E-07 -0.77276515200571E-07
 -0.79204434348087E-07 -0.81180345939164E-07 -0.83205438994135E-07
 -0.85280931626313E-07 -0.87408071843318E-07 -0.89588138173916E-07
 -0.91822440410711E-07 -0.94112320382677E-07 -0.96459152697167E-07
 -0.98864345483030E-07 -0.10132934127753E-06 -0.10385561767622E-06
 -0.10644468839340E-06 -0.10909810388681E-06 -0.11181745237563E-06
 -0.11460436052828E-06 -0.11746049470276E-06 -0.12038756147931E-06
 -0.12338730885796E-06 -0.12646152720796E-06 -0.12961205012012E-06
 -0.13284075543602E-06 -0.13614956638329E-06 -0.13954045256239E-06
 -0.14301543090190E-06 -0.14657656688224E-06 -0.15022597565640E-06
 -0.15396582305642E-06 -0.15779832679102E-06 -0.16172575769709E-06
 -0.16575044086536E-06 -0.16987475688684E-06 -0.17410114301897E-06
 -0.17843209461174E-06 -0.18287016634040E-06 -0.18741797333355E-06
 -0.19207819291003E-06 -0.19685356547745E-06 -0.20174689644194E-06
 -0.20676105694801E-06 -0.21189898611498E-06 -0.21716369196844E-06
 -0.22255825290925E-06 -0.22808581961406E-06 -0.23374961622335E-06
 -0.23955294217468E-06 -0.24549917359109E-06 -0.25159176488612E-06
 -0.25783425076503E-06 -0.26423024737526E-06 -0.27078345454108E-06
 -0.27749765701780E-06 -0.28437672647141E-06 -0.29142462337749E-06
 -0.29864539864403E-06 -0.30604319523137E-06 -0.31362225060973E-06
 -0.32138689810614E-06 -0.32934156879480E-06 -0.33749079398941E-06
 -0.34583920636638E-06 -0.35439154267444E-06 -0.36315264534969E-06
 -0.37212746432127E-06 -0.38132105971750E-06 -0.39073860321700E-06
 -0.40038538048075E-06 -0.41026679301289E-06 -0.42038836057875E-06
 -0.43075572295502E-06 -0.44137464245107E-06 -0.45225100565845E-06
 -0.46339082552147E-06 -0.47480024434228E-06 -0.48648553452919E-06
 -0.49845310231878E-06 -0.51070948840537E-06 -0.52326137144758E-06
 -0.53611556921169E-06 -0.54927904137608E-06 -0.56275889126556E-06
 -0.57656236819221E-06 -0.59069686942307E-06 -0.60516994248997E-06
 -0.61998928681917E-06 -0.63516275659885E-06 -0.65069836151105E-06
 -0.66660426990847E-06 -0.68288881029712E-06 -0.69956047260359E-06
 -0.71662791117036E-06 -0.73409994529021E-06 -0.75198556258135E-06
 -0.77029391810424E-06 -0.78903433860065E-06 -0.80821632255119E-06
 -0.82784954070630E-06 -0.84794384010522E-06 -0.86850924186609E-06
 -0.88955594538504E-06 -0.91109432670005E-06 -0.93313494111833E-06
 -0.95568852312006E-06 -0.97876598680790E-06 -0.10023784260620E-05
 -0.10265371156305E-05 -0.10512535101369E-05 -0.10765392442929E-05
 -0.11024061328456E-05 -0.11288661686023E-05 -0.11559315237251E-05
 -0.11836145465697E-05 -0.12119277611471E-05 -0.12408838657893E-05
 -0.12704957307024E-05 -0.13007763952500E-05 -0.13317390671796E-05
 -0.13633971176267E-05 -0.13957640793910E-05 -0.14288536417311E-05
 -0.14626796479748E-05 -0.14972560900830E-05 -0.15325971053573E-05
 -0.15687169682987E-05 -0.16056300875410E-05 -0.16433509984389E-05
 -0.16818943566627E-05 -0.17212749321818E-05 -0.17615075991847E-05
 -0.18026073294103E-05 -0.18445891846244E-05 -0.18874683045809E-05
 -0.19312598999495E-05 -0.19759792402243E-05 -0.20216416437975E-05
 -0.20682624651154E-05 -0.21158570851843E-05 -0.21644408965958E-05
 -0.22140292909620E-05 -0.22646376468380E-05 -0.23162813132421E-05
 -0.23689755969087E-05 -0.24227357471202E-05 -0.24775769377933E-05
 -0.25335142541523E-05 -0.25905626784177E-05 -0.26487370676238E-05
 -0.27080521433502E-05 -0.27685224706571E-05 -0.28301624461683E-05
 -0.28929862780866E-05 -0.29570079705137E-05 -0.30222413135701E-05
 -0.30886998617322E-05 -0.31563969279635E-05 -0.32253455660629E-05
 -0.32955585622167E-05 -0.33670484283235E-05 -0.34398273964897E-05
 -0.35139074106346E-05 -0.35893001366173E-05 -0.36660169575800E-05
 -0.37440689866748E-05 -0.38234670851289E-05 -0.39042218782122E-05
 -0.39863437835639E-05 -0.40698430520065E-05 -0.41547298095032E-05
 -0.42410141159570E-05 -0.43287060313257E-05 -0.44178157044339E-05
 -0.45083534655188E-05 -0.46003299536591E-05 -0.46937562389416E-05
 -0.47886440021227E-05 -0.48850057079051E-05 -0.49828548336145E-05
 -0.50822061037388E-05 -0.51830758037823E-05 -0.52854820888416E-05
 -0.53894453716696E-05 -0.54949887613799E-05 -0.56021385528918E-05
 -0.57109247900903E-05 -0.58213819107168E-05 -0.59335494696540E-05
 -0.60474729751110E-05 -0.61632048067676E-05 -0.62808052974416E-05
 -0.64003439147008E-05 -0.65219006315242E-05 -0.66455674489620E-05
 -0.67714501441949E-05 -0.68996702022352E-05 -0.70303670544313E-05
 -0.71637005528129E-05 -0.72998537933165E-05 -0.74390362809979E-05
 -0.75814875191307E-05 -0.77274810504311E-05 -0.78773290152212E-05
 -0.80313872774083E-05 -0.81900612424207E-05 -0.83538123923355E-05
 -0.85231656721312E-05 -0.86987178074828E-05 -0.88811467171443E-05
 -0.90712220971523E-05 -0.92698174209185E-05 -0.94779234203112E-05
 -0.96966633543574E-05 -0.99273102082775E-05 -0.10171306134930E-04
 -0.10430284376064E-04 -0.10706094014454E-04 -0.11000827884752E-04
 -0.11316854097466E-04 -0.11656851534074E-04 -0.12023849886714E-04
 -0.12421274750446E-04 -0.12852998365040E-04 -0.13323396693258E-04
 -0.13837413489677E-04 -0.14400632204427E-04 -0.15019356452438E-04
 -0.15700699961689E-04 -0.16452686854480E-04 -0.17284363137205E-04
 -0.18205920233099E-04 -0.19228831395819E-04 -0.20366001588278E-04
 -0.21631931401437E-04 -0.23042895130267E-04 -0.24617132837171E-04
 -0.26375055840213E-04 -0.28339464169677E-04 -0.30535774056483E-04
 -0.32992252340750E-04 -0.35740253690940E-04 -0.38814455460451E-04
 -0.42253083412759E-04 -0.46098120660083E-04 -0.50395490969576E-04
 -0.55195206857625E-04 -0.60551472817353E-04 -0.66522734948313E-04
 -0.73171670040928E-04 -0.80565110742601E-04 -0.88773908643564E-04
 -0.97872743727798E-04 -0.10793989742594E-03 -0.11905701604855E-03
 -0.13130890112883E-03 -0.14478337286265E-03 -0.15957125977403E-03
 -0.17576657174851E-03 -0.19346691288815E-03 -0.21277418505558E-03
 -0.23379562239166E-03 -0.25664518227487E-03 -0.28144530167874E-03
 -0.30832901101606E-03 -0.33744238342134E-03 -0.36894728825830E-03
 -0.40302441383879E-03 -0.43987652815641E-03 -0.47973195532701E-03
 -0.52284825994903E-03 -0.56951614876771E-03 -0.62006361772835E-03
 -0.67486039096093E-03 -0.73432271536663E-03 -0.79891858943591E-03
 -0.86917351863038E-03 -0.94567690039970E-03 -0.10290891526737E-02
 -0.11201497089912E-02 -0.12196860133430E-02 -0.13286236571623E-02
 -0.14479978124656E-02 -0.15789661256260E-02 -0.17228232482700E-02
 -0.18810171930456E-02 -0.20551677112544E-02 -0.22470868962501E-02
 -0.24588022165414E-02 -0.26925821733903E-02 -0.29509647539488E-02
 -0.32367888056295E-02 -0.35532283797471E-02 -0.39038299718623E-02
 -0.42925524016542E-02 -0.47238088071971E-02 -0.52025098442717E-02
 -0.57341066438161E-02 -0.63246313436404E-02 -0.69807320161453E-02
 -0.77096975032755E-02 -0.85194659783008E-02 -0.94186089358920E-02
 -0.10416279753869E-01 -0.11522113038428E-01 -0.12746057861587E-01
 -0.14098125149851E-01 -0.15588027643088E-01 -0.17224691214367E-01
 -0.19015620648066E-01 -0.20966113410985E-01 -0.23078333878506E-01
 -0.25350289672491E-01 -0.27774791115549E-01 -0.30338520522894E-01
 -0.33021380929470E-01 -0.35796318735595E-01 -0.38629802875035E-01
 -0.41483078485676E-01 -0.44314192250574E-01 -0.47080627646290E-01
 -0.49742232361116E-01 -0.52264019859147E-01 -0.54618424627237E-01
 -0.56786695395425E-01 -0.58759291268595E-01 -0.60535343505118E-01
 -0.62121401333880E-01 -0.63529758263742E-01 -0.64776653205661E-01
 -0.65880581048683E-01 -0.66860862238178E-01 -0.67736538071242E-01
 -0.68525594251457E-01 -0.69244474870129E-01 -0.69907829924791E-01
 -0.70528435866253E-01 -0.71117234261822E-01 -0.71683443487241E-01
 -0.72234709085385E-01 -0.72777268204564E-01 -0.73316111549212E-01
 -0.73855132390804E-01 -0.74397256577428E-01 -0.74944550464087E-01
 -0.75498305592448E-01 -0.76059100079997E-01 -0.76626837268010E-01
 -0.77200762415442E-01 -0.77779458245044E-01 -0.78360820046764E-01
 -0.78942010901821E-01 -0.79519397459536E-01 -0.80088466637544E-01
 -0.80643723671124E-01 -0.81178572169882E-01 -0.81685177320287E-01
 -0.82154314187083E-01 -0.82575204319444E-01 -0.82935345683066E-01
 -0.83220343448283E-01 -0.83413752492784E-01 -0.83496946716438E-01
 -0.83449035405154E-01 -0.83246852752301E-01 -0.82865052787263E-01
 -0.82276347501043E-01 -0.81451929495210E-01 -0.80362120003446E-01
 -0.78977276138041E-01 -0.77268975073210E-01 -0.75211465604950E-01
 -0.72783338962412E-01 -0.69969323885376E-01 -0.66762063011354E-01
 -0.63163689744055E-01 -0.59187010259031E-01 -0.54856115394357E-01
 -0.50206306222345E-01 -0.45283308768020E-01 -0.40141860486814E-01
 -0.34843850055689E-01 -0.29456260088896E-01 -0.24049185106454E-01
 -0.18694172100603E-01 -0.13463066904156E-01 -0.84274608416227E-02
 -0.36587333842115E-02
 (2i12)
         379         160      magnetization potential, harmonic  2
 (3e22.14)
 -0.24963124646201E-15 -0.27616052649307E-15 -0.30531904323260E-15
 -0.33739921280863E-15 -0.37316926357986E-15 -0.41242913679331E-15
 -0.45581488625194E-15 -0.50364890251648E-15 -0.55645165451684E-15
 -0.61478092220164E-15 -0.67907424539549E-15 -0.75001234746938E-15
 -0.82810781905838E-15 -0.91415170778170E-15 -0.10094444919155E-14
 -0.11138810613483E-14 -0.12294148958283E-14 -0.13562490631704E-14
 -0.14962137965102E-14 -0.16504401750378E-14 -0.18202667899748E-14
 -0.20072463993340E-14 -0.22126370622460E-14 -0.24390868854965E-14
 -0.26882788681061E-14 -0.29618229310799E-14 -0.32632072358197E-14
 -0.35942088502163E-14 -0.39584966002932E-14 -0.43588925661283E-14
 -0.47988325262287E-14 -0.52819678080576E-14 -0.58129062730754E-14
 -0.63961000346602E-14 -0.70372037766322E-14 -0.77397424085336E-14
 -0.85119536286238E-14 -0.93589265365073E-14 -0.10288726441203E-13
 -0.11308567581389E-13 -0.12427382272312E-13 -0.13653881950471E-13
 -0.14998735794027E-13 -0.16472583045238E-13 -0.18087971485915E-13
 -0.19859193677060E-13 -0.21799738871612E-13 -0.23923932238868E-13
 -0.26251674062227E-13 -0.28799767171616E-13 -0.31589086981778E-13
 -0.34642180522287E-13 -0.37983529049170E-13 -0.41640856254943E-13
 -0.45641032584483E-13 -0.50015782804587E-13 -0.54799958675139E-13
 -0.60031448707327E-13 -0.65749166455810E-13 -0.71998850607093E-13
 -0.78829765896485E-13 -0.86292821145227E-13 -0.94446536897738E-13
 -0.10335228169314E-12 -0.11307747083853E-12 -0.12369649828107E-12
 -0.13529187354862E-12 -0.14794730993027E-12 -0.16176122852826E-12
 -0.17683551087054E-12 -0.19328406609379E-12 -0.21122908829834E-12
 -0.23080364776526E-12 -0.25215388920041E-12 -0.27543817719346E-12
 -0.30082639759532E-12 -0.32850843980842E-12 -0.35868669980919E-12
 -0.39158169928550E-12 -0.42743730552668E-12 -0.46651221917533E-12
 -0.50909411911749E-12 -0.55549346237877E-12 -0.60604712824649E-12
 -0.66112308841296E-12 -0.72112132887476E-12 -0.78647886133272E-12
 -0.85766727723894E-12 -0.93520382628567E-12 -0.10196517032117E-11
 -0.11116194363709E-11 -0.12117769368484E-11 -0.13208473355217E-11
 -0.14396217600097E-11 -0.15689620648613E-11 -0.17098057207662E-11
 -0.18631737729707E-11 -0.20301828486349E-11 -0.22120479837574E-11
 -0.24100943300263E-11 -0.26257671212522E-11 -0.28606442407555E-11
 -0.31164456759801E-11 -0.33950524721024E-11 -0.36985137046841E-11
 -0.40290701770734E-11 -0.43891747194971E-11 -0.47814947942271E-11
 -0.52089633179692E-11 -0.56747775834623E-11 -0.61824343165456E-11
 -0.67357676563042E-11 -0.73389734363193E-11 -0.79966410779571E-11
 -0.87138068578369E-11 -0.94959921663787E-11 -0.10349244352523E-10
 -0.11280209152082E-10 -0.12296172236905E-10 -0.13405141689415E-10
 -0.14615914681747E-10 -0.15938163647189E-10 -0.17382524299576E-10
 -0.18960704370252E-10 -0.20685597286162E-10 -0.22571397476779E-10
 -0.24633763678506E-10 -0.26889955899293E-10 -0.29359045392973E-10
 -0.32062057076714E-10 -0.35022246921313E-10 -0.38265315601567E-10
 -0.41819700992427E-10 -0.45716878661778E-10 -0.49991717154221E-10
 -0.54682855323858E-10 -0.59833152425075E-10 -0.65490178440901E-10
 -0.71706747751326E-10 -0.78541564278028E-10 -0.86059893905239E-10
 -0.94334375964320E-10 -0.10344586539823E-09 -0.11348446925698E-09
 -0.12455065271379E-09 -0.13675649368559E-09 -0.15022711296894E-09
 -0.16510231630761E-09 -0.18153835480013E-09 -0.19971004933353E-09
 -0.21981307594642E-09 -0.24206661611599E-09 -0.26671632161887E-09
 -0.29403772476807E-09 -0.32434004381544E-09 -0.35797051316413E-09
 -0.39531934458836E-09 -0.43682527025450E-09 -0.48298193298772E-09
 -0.53434506726278E-09 -0.59154069363777E-09 -0.65527446670622E-09
 -0.72634221503563E-09 -0.80564208096886E-09 -0.89418819026691E-09
 -0.99312634821901E-09 -0.11037518692957E-08 -0.12275298982422E-08
 -0.13661186086010E-08 -0.15213957052332E-08 -0.16954886550710E-08
 -0.18908091760599E-08 -0.21100927429350E-08 -0.23564437046931E-08
 -0.26333868404936E-08 -0.29449264236876E-08 -0.32956138245019E-08
 -0.36906248857561E-08 -0.41358486296207E-08 -0.46379889060859E-08
 -0.52046809065171E-08 -0.58446249750471E-08 -0.65677400121676E-08
 -0.73853396665507E-08 -0.83103348351653E-08 -0.93574661720098E-08
 -0.10543571520374E-07 -0.11887893433092E-07 -0.13412433083399E-07
 -0.15142357473026E-07 -0.17106468572022E-07 -0.19337743471964E-07
 -0.21873957195312E-07 -0.24758400515925E-07 -0.28040707897228E-07
 -0.31777812722428E-07 -0.36035049885585E-07 -0.40887428686709E-07
 -0.46421103026559E-07 -0.52735069962518E-07 -0.59943132709792E-07
 -0.68176169638917E-07 -0.77584758034886E-07 -0.88342208464334E-07
 -0.10064807454042E-06 -0.11473221352091E-06 -0.13085948432018E-06
 -0.14933518338290E-06 -0.17051133437474E-06 -0.19479396505898E-06
 -0.22265152519898E-06 -0.25462462224536E-06 -0.29133727716407E-06
 -0.33350993274788E-06 -0.38197447814259E-06 -0.43769159108683E-06
 -0.50177073761032E-06 -0.57549321369392E-06 -0.66033865852301E-06
 -0.75801551878364E-06 -0.87049599276715E-06 -0.10000560333063E-05
 -0.11493210353429E-05 -0.13213178744646E-05 -0.15195339938697E-05
 -0.17479842504258E-05 -0.20112862223293E-05 -0.23147446385719E-05
 -0.26644455073551E-05 -0.30673603814513E-05 -0.35314609941932E-05
 -0.40658442131921E-05 -0.46808668844388E-05 -0.53882896642527E-05
 -0.62014283649411E-05 -0.71353106802224E-05 -0.82068354369450E-05
 -0.94349307880556E-05 -0.10840707091300E-04 -0.12447599712532E-04
 -0.14281496782381E-04 -0.16370847169206E-04 -0.18746744773103E-04
 -0.21442986833442E-04 -0.24496106368972E-04 -0.27945382144734E-04
 -0.31832833561686E-04 -0.36203212331097E-04 -0.41104007310728E-04
 -0.46585482909545E-04 -0.52700774432173E-04 -0.59506065110855E-04
 -0.67060869004161E-04 -0.75428441355787E-04 -0.84676333651858E-04
 -0.94877105073226E-04 -0.10610919612010E-03 -0.11845796479696E-03
 -0.13201688172007E-03 -0.14688887845454E-03 -0.16318784360663E-03
 -0.18104026364569E-03 -0.20058700980459E-03 -0.22198527820801E-03
 -0.24541069705852E-03 -0.27105962175745E-03 -0.29915164586569E-03
 -0.32993236257490E-03 -0.36367641777223E-03 -0.40069090186769E-03
 -0.44131913342432E-03 -0.48594489341691E-03 -0.53499717478925E-03
 -0.58895551795373E-03 -0.64835600898844E-03 -0.71379802342861E-03
 -0.78595180444909E-03 -0.86556696944068E-03 -0.95348204276038E-03
 -0.10506351137092E-02 -0.11580757159970E-02 -0.12769780158856E-02
 -0.14086553777946E-02 -0.15545763441545E-02 -0.17163820149664E-02
 -0.18959047340646E-02 -0.20951878732322E-02 -0.23165063385209E-02
 -0.25623871881585E-02 -0.28356294266843E-02 -0.31393215993524E-02
 -0.34768552247892E-02 -0.38519313411994E-02 -0.42685564747557E-02
 -0.47310231541845E-02 -0.52438687087252E-02 -0.58118045693677E-02
 -0.64396068113854E-02 -0.71319575404488E-02 -0.78932264490260E-02
 -0.87271832215972E-02 -0.96366354742117E-02 -0.10622994768788E-01
 -0.11685786021576E-01 -0.12822133736967E-01 -0.14026280843013E-01
 -0.15289218907321E-01 -0.16598525479622E-01 -0.17938505927209E-01
 -0.19290713932303E-01 -0.20634871819705E-01 -0.21950133981201E-01
 -0.23216551584936E-01 -0.24416531765846E-01 -0.25536065947012E-01
 -0.26565541917060E-01 -0.27500042492206E-01 -0.28339140821550E-01
 -0.29086294235176E-01 -0.29747990785781E-01 -0.30332809427361E-01
 -0.30850526396408E-01 -0.31311354640283E-01 -0.31725356658667E-01
 -0.32102034317867E-01 -0.32450075752190E-01 -0.32777228301301E-01
 -0.33090264234179E-01 -0.33395009156199E-01 -0.33696408562292E-01
 -0.33998614044595E-01 -0.34305076121866E-01 -0.34618635085265E-01
 -0.34941604582616E-01 -0.35275845010604E-01 -0.35622825341756E-01
 -0.35983672974462E-01 -0.36359211728519E-01 -0.36749988347597E-01
 -0.37156287913867E-01 -0.37578138497484E-01 -0.38015305205095E-01
 -0.38467273589510E-01 -0.38933222162837E-01 -0.39411983536948E-01
 -0.39901993521050E-01 -0.40401227359973E-01 -0.40907122236986E-01
 -0.41416485240011E-01 -0.41925386272993E-01 -0.42429035980185E-01
 -0.42921649767025E-01 -0.43396300599035E-01 -0.43844765611389E-01
 -0.44257374823458E-01 -0.44622874519917E-01 -0.44928323066678E-01
 -0.45159042720448E-01 -0.45298656544091E-01 -0.45329243411789E-01
 -0.45231644129198E-01 -0.44985945225821E-01 -0.44572151345881E-01
 -0.43971030846696E-01 -0.43165083282133E-01 -0.42139536962972E-01
 -0.40883249117687E-01 -0.39389362353982E-01 -0.37655579842582E-01
 -0.35683962180177E-01 -0.33480215348176E-01 -0.31052515946575E-01
 -0.28409986824985E-01 -0.25560976688432E-01 -0.22511304429465E-01
 -0.19262607630040E-01 -0.15810897876905E-01 -0.12145388444179E-01
 -0.82476344601183E-02
 (2i12)
         195         344      magnetization potential, harmonic  3
 (3e22.14)
 -0.31917729804627E-15 -0.37621952459659E-15 -0.43586891460052E-15
 -0.51490743991265E-15 -0.61609865999756E-15 -0.73250219399241E-15
 -0.85490446238397E-15 -0.10228274623365E-14 -0.12307378655578E-14
 -0.14600712447454E-14 -0.17413805781286E-14 -0.20808322695681E-14
 -0.24826243563029E-14 -0.29864579236996E-14 -0.35815173160668E-14
 -0.43085637363668E-14 -0.51943685456906E-14 -0.62835858990247E-14
 -0.75700550207824E-14 -0.91515304492707E-14 -0.11087579166285E-13
 -0.13466420054970E-13 -0.16370319032774E-13 -0.19986966257969E-13
 -0.24384089664524E-13 -0.29832684870817E-13 -0.36569112445595E-13
 -0.44935038202435E-13 -0.55329541868522E-13 -0.68268754718547E-13
 -0.84454527787685E-13 -0.10470175049225E-12 -0.13007829926824E-12
 -0.16202390536042E-12 -0.20230610764128E-12 -0.25323198588352E-12
 -0.31770220322404E-12 -0.39963414229059E-12 -0.50387177397642E-12
 -0.63686548490883E-12 -0.80694941548311E-12 -0.10248789770708E-11
 -0.13046769412681E-11 -0.16646076460511E-11 -0.21283905675226E-11
 -0.27269608233592E-11 -0.35005441095784E-11 -0.45014876869605E-11
 -0.57978060993843E-11 -0.74778725062820E-11 -0.96560797713240E-11
 -0.12480472504580E-10 -0.16141946261317E-10 -0.20885930471179E-10
 -0.27026888887844E-10 -0.34965789810046E-10 -0.45211921576574E-10
 -0.58408361570745E-10 -0.75362835398838E-10 -0.97083396856896E-10
 -0.12482008892054E-09 -0.16011246195220E-09 -0.20484351057614E-09
 -0.26130015175390E-09 -0.33224098376743E-09 -0.42097172329132E-09
 -0.53142999963752E-09 -0.66828110722202E-09 -0.83702793441768E-09
 -0.10441391291827E-08 -0.12972008783208E-08 -0.16051000416133E-08
 -0.19782464094838E-08 -0.24288458406522E-08 -0.29712360979939E-08
 -0.36223008639885E-08 -0.44019792900641E-08 -0.53338930950822E-08
 -0.64461156391622E-08 -0.77721160159127E-08 -0.93519154645423E-08
 -0.11233505710761E-07 -0.13474588221546E-07 -0.16144711356362E-07
 -0.19327899371702E-07 -0.23125893587774E-07 -0.27662156224119E-07
 -0.33086826992735E-07 -0.39582872922443E-07 -0.47373735547497E-07
 -0.56732860394560E-07 -0.67995597940115E-07 -0.81574097120498E-07
 -0.97975981379075E-07 -0.11782781346171E-06 -0.14190463074494E-06
 -0.17116718511438E-06 -0.20680896915259E-06 -0.25031567922397E-06
 -0.30354048488932E-06 -0.36879937585394E-06 -0.44899198050269E-06
 -0.54775462842000E-06 -0.66965409267251E-06 -0.82043240430368E-06
 -0.10073153401896E-05 -0.12393995320840E-05 -0.15281353524254E-05
 -0.18879242977784E-05 -0.23368495968305E-05 -0.28975557378558E-05
 -0.35982841779022E-05 -0.44740551937232E-05 -0.55679548400098E-05
 -0.69324352258108E-05 -0.86304592827196E-05 -0.10736213150041E-04
 -0.13334971815395E-04 -0.16521552238688E-04 -0.20396662724575E-04
 -0.25060431880995E-04 -0.30602584410102E-04 -0.37089246259134E-04
 -0.44547282215511E-04 -0.52948321157359E-04 -0.62195887724875E-04
 -0.72119758855708E-04 -0.82481151596862E-04 -0.92990286124974E-04
 -0.10333461704730E-03 -0.11321271642278E-03 -0.12236685105736E-03
 -0.13060764721141E-03 -0.13782671990033E-03 -0.14399662471654E-03
 -0.14916054672274E-03 -0.15341582108005E-03 -0.15689552346802E-03
 -0.15975142909957E-03 -0.16214027655852E-03 -0.16421401576715E-03
 -0.16611383531811E-03 -0.16796729278861E-03 -0.16988772487583E-03
 -0.17197516836966E-03 -0.17431817095396E-03 -0.17699604056582E-03
 -0.18008123466281E-03 -0.18364171097620E-03 -0.18774314760847E-03
 -0.19245099749614E-03 -0.19783237705936E-03 -0.20395780767839E-03
 -0.21090283660751E-03 -0.21874956474640E-03 -0.22758810477793E-03
 -0.23751798599747E-03 -0.24864951242530E-03 -0.26110506876440E-03
 -0.27502035442338E-03 -0.29054550910643E-03 -0.30784607449708E-03
 -0.32710371601243E-03 -0.34851660814512E-03 -0.37229936995640E-03
 -0.39868242992449E-03 -0.42791071168414E-03 -0.46024157986111E-03
 -0.49594209103544E-03 -0.53528578998189E-03 -0.57854961464545E-03
 -0.62601196772012E-03 -0.67795371519068E-03 -0.73466479528305E-03
 -0.79646022374322E-03 -0.86371043119455E-03 -0.93689180835339E-03
 -0.10166636758071E-02 -0.11039771709453E-02 -0.12002193664425E-02
 -0.13073922426978E-02 -0.14283214804721E-02 -0.15668857188832E-02
 -0.17282547819009E-02 -0.19191271515500E-02 -0.21479633723389E-02
 -0.24252220904224E-02 -0.27636163355333E-02 -0.31784159112011E-02
 -0.36878243663566E-02 -0.43134544784753E-02 -0.50809145443300E-02
 -0.60204999052120E-02 -0.71679607460466E-02 -0.85652885179157E-02
 (2i12)
         184         355      magnetization potential, harmonic  4
 (3e22.14)
 -0.30802320317816E-15 -0.38772817840817E-15 -0.48359749700087E-15
 -0.60100097248500E-15 -0.78187835760678E-15 -0.99383320231350E-15
 -0.12844840836253E-14 -0.16116745908486E-14 -0.20596840737515E-14
 -0.26417618871890E-14 -0.33893488869225E-14 -0.43542084454229E-14
 -0.56135062983557E-14 -0.72372680948568E-14 -0.93344649956813E-14
 -0.12052990834441E-13 -0.15602773559665E-13 -0.20209479517387E-13
 -0.26228517646020E-13 -0.34090335777455E-13 -0.44344217555302E-13
 -0.57761779892220E-13 -0.75320578838074E-13 -0.98369834096568E-13
 -0.12857136585229E-12 -0.16831068966277E-12 -0.22051296160989E-12
 -0.28924340227131E-12 -0.37976923536400E-12 -0.49908266717560E-12
 -0.65651170036805E-12 -0.86424067335734E-12 -0.11385195991074E-11
 -0.15007480860854E-11 -0.19792672812586E-11 -0.26113206661350E-11
 -0.34460896187898E-11 -0.45481472782664E-11 -0.60021886825578E-11
 -0.79191154774701E-11 -0.10443482633039E-10 -0.13763355938050E-10
 -0.18122235868930E-10 -0.23834062454613E-10 -0.31302048418966E-10
 -0.41040517332774E-10 -0.53702634387897E-10 -0.70112084751970E-10
 -0.91301057680720E-10 -0.11855392612742E-09 -0.15345747095862E-09
 -0.19795760457221E-09 -0.25442309350984E-09 -0.32571699287618E-09
 -0.41527590306007E-09 -0.52719914590829E-09 -0.66634914143367E-09
 -0.83846678001514E-09 -0.10503056586907E-08 -0.13097912886514E-08
 -0.16262130318474E-08 -0.20104576636334E-08 -0.24752963444229E-08
 -0.30357383503395E-08 -0.37094673302131E-08 -0.45173796521239E-08
 -0.54842468522118E-08 -0.66395301931102E-08 -0.80183807981733E-08
 -0.96628668483363E-08 -0.11623479717102E-07 -0.13960983705918E-07
 -0.16748690593972E-07 -0.20075261544647E-07 -0.24048164535728E-07
 -0.28797950358563E-07 -0.34483552112713E-07 -0.41298868116154E-07
 -0.49480956528551E-07 -0.59320259528380E-07 -0.71173386431211E-07
 -0.85479131149257E-07 -0.10277858106980E-06 -0.12374041442609E-06
 -0.14919278270347E-06 -0.18016356132240E-06 -0.21793124653760E-06
 -0.26408940072177E-06 -0.32062834395588E-06 -0.39003878963431E-06
 -0.47544336692733E-06 -0.58076351331414E-06 -0.71093108325768E-06
 -0.87215622381914E-06 -0.10722655784664E-05 -0.13211275818512E-05
 -0.16311842058134E-05 -0.20181104758391E-05 -0.25016234118105E-05
 -0.31064591218592E-05 -0.38635280040642E-05 -0.48112395175821E-05
 -0.59969543475319E-05 -0.74784660809386E-05 -0.93253291436107E-05
 -0.11619728830326E-04 -0.14456433628861E-04 -0.17941195797414E-04
 -0.22186816637762E-04 -0.27306050485001E-04 -0.33400709951188E-04
 -0.40546896218132E-04 -0.48777304587487E-04 -0.58062976742015E-04
 -0.68298336975323E-04 -0.79294209942906E-04 -0.90783019704500E-04
 -0.10243809211945E-03 -0.11390529591017E-03 -0.12484142970856E-03
 -0.13495144187426E-03 -0.14401686212447E-03 -0.15191059969552E-03
 -0.15859724222876E-03 -0.16412153090585E-03 -0.16858966656301E-03
 -0.17214830761913E-03 -0.17496506374315E-03 -0.17721272890340E-03
 -0.17905804934623E-03 -0.18065480002285E-03 -0.18214039612249E-03
 -0.18363509481067E-03 -0.18524290312875E-03 -0.18705347737199E-03
 -0.18914449375529E-03 -0.19158414486226E-03 -0.19443355362908E-03
 -0.19774899467358E-03 -0.20158387726059E-03 -0.20599048288213E-03
 -0.21102147068005E-03 -0.21673117164197E-03 -0.22317669185628E-03
 -0.23041883890493E-03 -0.23852287527567E-03 -0.24755908925767E-03
 -0.25760315729327E-03 -0.26873625197643E-03 -0.28104482642576E-03
 -0.29461997828569E-03 -0.30955626513596E-03 -0.32594980843827E-03
 -0.34389548756684E-03 -0.36348299358318E-03 -0.38479149250121E-03
 -0.40788265338666E-03 -0.43279184829434E-03 -0.45951745779270E-03
 -0.48800845511364E-03 -0.51815083657607E-03 -0.54975405477041E-03
 -0.58253941086214E-03 -0.61613333828201E-03 -0.65006953600621E-03
 -0.68380473074405E-03 -0.71675306874625E-03 -0.74834327898215E-03
 -0.77810040300685E-03 -0.80574998723941E-03 -0.83133775490953E-03
 -0.85535327693076E-03 -0.87884395187565E-03 -0.90350742488896E-03
 -0.93175701723234E-03 -0.96676456616854E-03 -0.10124954095775E-02
 -0.10737577204489E-02 -0.11562906640440E-02 -0.12669125629758E-02
 -0.14137428666374E-02 -0.16065023781098E-02 -0.18568864440750E-02
 -0.21789958512028E-02
 (i8)
     148             scalar potential
 (2e22.14, 3i8)
 -0.98667596471192E+00  0.00000000000000E+00       0       0       0
 -0.51358360075799E+00  0.00000000000000E+00       0       0       1
 -0.25076792000990E+00  0.00000000000000E+00      -1       1       1
 -0.14731561589982E+00  0.00000000000000E+00      -1       0       2
 -0.95220310052297E-01  0.00000000000000E+00       0       0       2
 -0.65796679132169E-01  0.00000000000000E+00      -1       1       2
 -0.46258851337960E-01  0.00000000000000E+00      -1      -1       3
 -0.34121245397989E-01  0.00000000000000E+00      -1       0       3
 -0.26444780198475E-01  0.00000000000000E+00      -2       2       2
 -0.19877744933794E-01  0.00000000000000E+00      -2       1       3
 -0.19361340492671E-01  0.00000000000000E+00       0       0       3
 -0.15114654715707E-01  0.00000000000000E+00      -1       1       3
 -0.11170446115581E-01  0.00000000000000E+00      -1      -1       4
 -0.87866507512568E-02  0.00000000000000E+00      -2       0       4
 -0.68244800354951E-02  0.00000000000000E+00      -1       0       4
 -0.73747866859090E-02  0.00000000000000E+00      -2       2       3
 -0.43209520205087E-02  0.00000000000000E+00      -2       1       4
 -0.32238275586833E-02  0.00000000000000E+00       0       0       4
 -0.23563634599120E-02  0.00000000000000E+00      -2      -1       5
 -0.25878712476948E-02  0.00000000000000E+00      -1       1       4
 -0.23112005129874E-02  0.00000000000000E+00      -3       3       3
 -0.18737490569415E-02  0.00000000000000E+00      -1      -1       5
 -0.17669397109376E-02  0.00000000000000E+00      -3       2       4
 -0.15084997675482E-02  0.00000000000000E+00      -2       0       5
 -0.13613641946893E-02  0.00000000000000E+00      -2       2       4
 -0.95132551093298E-03  0.00000000000000E+00      -1       0       5
 -0.80030981828107E-03  0.00000000000000E+00      -3       1       5
 -0.63200128436482E-03  0.00000000000000E+00      -2       1       5
 -0.40225054276702E-03  0.00000000000000E+00      -2      -2       6
 -0.49232151311671E-03  0.00000000000000E+00      -3       3       4
 -0.32792081312121E-03  0.00000000000000E+00      -2      -1       6
 -0.38400583072571E-03  0.00000000000000E+00       0       0       5
 -0.31243142211978E-03  0.00000000000000E+00      -1       1       5
 -0.21635077138439E-03  0.00000000000000E+00      -3       0       6
 -0.21781659276751E-03  0.00000000000000E+00      -1      -1       6
 -0.28665469972222E-03  0.00000000000000E+00      -3       2       5
 -0.17553016405226E-03  0.00000000000000E+00      -2       0       6
 -0.17027329024020E-03  0.00000000000000E+00      -2       2       5
 -0.92001169534245E-04  0.00000000000000E+00      -3       1       6
 -0.90200311855696E-04  0.00000000000000E+00      -1       0       6
 -0.11198174393921E-03  0.00000000000000E+00      -4       4       4
 -0.38002896169204E-04  0.00000000000000E+00      -2      -2       7
 -0.55989774834997E-04  0.00000000000000E+00      -2       1       6
 -0.81161846307430E-04  0.00000000000000E+00      -4       3       5
 -0.29710470889651E-04  0.00000000000000E+00      -3      -1       7
 -0.58870242604765E-04  0.00000000000000E+00      -3       3       5
 -0.24159542429159E-04  0.00000000000000E+00      -2      -1       7
 -0.29084047109303E-04  0.00000000000000E+00      -4       2       6
 -0.25259763450891E-04  0.00000000000000E+00       0       0       6
 -0.21289592760033E-04  0.00000000000000E+00      -3       2       6
 -0.18836413115333E-04  0.00000000000000E+00      -1       1       6
 -0.13753643655623E-04  0.00000000000000E+00      -3       0       7
 -0.12058814613115E-04  0.00000000000000E+00      -1      -1       7
 -0.87117755651649E-05  0.00000000000000E+00      -2       0       7
 -0.79388932495896E-05  0.00000000000000E+00      -2       2       6
 -0.96944192793576E-05  0.00000000000000E+00      -4       4       5
 -0.43497568608464E-05  0.00000000000000E+00      -4       1       7
 -0.33377404431187E-05  0.00000000000000E+00      -3       1       7
 -0.42574439330223E-05  0.00000000000000E+00      -4       3       6
 -0.93561167517776E-06  0.00000000000000E+00      -3      -2       8
 -0.28842323132904E-05  0.00000000000000E+00      -1       0       7
 -0.70000521069361E-06  0.00000000000000E+00      -2      -2       8
 -0.18531862386030E-05  0.00000000000000E+00      -3       3       6
 -0.41507629130635E-06  0.00000000000000E+00      -3      -1       8
 -0.13051119318206E-05  0.00000000000000E+00      -2       1       7
 -0.27810638488504E-06  0.00000000000000E+00      -2      -1       8
 -0.64643625872411E-06  0.00000000000000E+00      -4       2       7
 -0.15703186222889E-06  0.00000000000000E+00      -4       0       8
 -0.11720772531291E-06  0.00000000000000E+00      -3       0       8
 -0.22670300767705E-06  0.00000000000000E+00      -3       2       7
 -0.17934133026044E-06  0.00000000000000E+00       0       0       7
 -0.63853371424904E-07  0.00000000000000E+00      -1       1       7
 -0.41724654812167E-06  0.00000000000000E+00      -5       5       5
 -0.18071235314834E-06  0.00000000000000E+00      -5       4       6
 -0.99822684222014E-08  0.00000000000000E+00      -1      -1       8
  0.45627826664200E-08  0.00000000000000E+00      -2       0       8
 -0.39352155371338E-07  0.00000000000000E+00      -4       4       6
 -0.65804984368787E-07  0.00000000000000E+00      -4       1       8
  0.58944657322808E-07  0.00000000000000E+00      -2       2       7
 -0.12381271119434E-06  0.00000000000000E+00      -3      -3       9
  0.13803695071230E-06  0.00000000000000E+00      -5       3       7
  0.95251356040529E-08  0.00000000000000E+00      -3       1       8
 -0.11552066131794E-06  0.00000000000000E+00      -3      -2       9
  0.12803599430156E-06  0.00000000000000E+00      -4       3       7
 -0.91156030294909E-07  0.00000000000000E+00      -4      -1       9
 -0.42205275194231E-07  0.00000000000000E+00      -2      -2       9
  0.95768132629986E-07  0.00000000000000E+00      -1       0       8
 -0.40621911428116E-07  0.00000000000000E+00      -3      -1       9
  0.91602382805043E-07  0.00000000000000E+00      -3       3       7
  0.53199084529636E-07  0.00000000000000E+00      -2       1       8
  0.55737687941331E-07  0.00000000000000E+00      -5       2       8
  0.45307762903450E-07  0.00000000000000E+00      -4       2       8
 -0.59970908759633E-08  0.00000000000000E+00      -4       0       9
  0.23224159827164E-07  0.00000000000000E+00      -2      -1       9
  0.23557195936957E-06  0.00000000000000E+00      -5       5       6
  0.19241771452808E-07  0.00000000000000E+00      -3       0       9
  0.30542817930636E-07  0.00000000000000E+00      -3       2       8
  0.11860923871239E-06  0.00000000000000E+00      -5       4       7
  0.46556369116144E-07  0.00000000000000E+00       0       0       8
  0.35162377947111E-07  0.00000000000000E+00      -1       1       8
  0.55848039607128E-07  0.00000000000000E+00      -4       4       7
  0.24146203805783E-07  0.00000000000000E+00      -5       1       9
  0.23673713588774E-07  0.00000000000000E+00      -1      -1       9
  0.19670478455536E-07  0.00000000000000E+00      -2       0       9
  0.28221977886756E-07  0.00000000000000E+00      -4       1       9
  0.35580385183444E-07  0.00000000000000E+00      -5       3       8
  0.19805851329656E-07  0.00000000000000E+00      -2       2       8
  0.16544790406964E-07  0.00000000000000E+00      -4       3       8
  0.16133471299310E-07  0.00000000000000E+00      -3       1       9
  0.71554538150535E-08  0.00000000000000E+00      -6       6       6
  0.89543916509772E-08  0.00000000000000E+00      -5       2       9
  0.29484599705110E-08  0.00000000000000E+00      -1       0       9
  0.59251758022682E-08  0.00000000000000E+00      -3       3       8
 -0.12704652912518E-07  0.00000000000000E+00      -6       5       7
 -0.18728213356938E-07  0.00000000000000E+00      -5       5       7
  0.76986597916051E-08  0.00000000000000E+00      -4       2       9
  0.24509089908297E-08  0.00000000000000E+00      -2       1       9
 -0.12856594456905E-07  0.00000000000000E+00      -6       4       8
 -0.12578848416172E-07  0.00000000000000E+00      -5       4       8
 -0.12464327995036E-08  0.00000000000000E+00      -3       2       9
 -0.84901709132279E-08  0.00000000000000E+00      -4       4       8
 -0.85059848488299E-08  0.00000000000000E+00      -6       3       9
 -0.71609825818703E-08  0.00000000000000E+00       0       0       9
 -0.58297102160830E-08  0.00000000000000E+00      -5       3       9
 -0.61475602392060E-08  0.00000000000000E+00      -1       1       9
 -0.50180246496431E-08  0.00000000000000E+00      -4       3       9
 -0.49486593631873E-08  0.00000000000000E+00      -2       2       9
 -0.12383071771968E-07  0.00000000000000E+00      -6       6       7
 -0.58383141713028E-08  0.00000000000000E+00      -6       5       8
 -0.23828208718664E-08  0.00000000000000E+00      -5       5       8
 -0.33988992311583E-08  0.00000000000000E+00      -3       3       9
 -0.14378525041880E-08  0.00000000000000E+00      -6       4       9
 -0.92700647010088E-10  0.00000000000000E+00      -5       4       9
  0.71743988660681E-09  0.00000000000000E+00      -4       4       9
  0.55138329009368E-08  0.00000000000000E+00      -7       7       7
  0.51747322214846E-08  0.00000000000000E+00      -7       6       8
  0.46128657298712E-08  0.00000000000000E+00      -6       6       8
  0.33134743725480E-08  0.00000000000000E+00      -7       5       9
  0.28734227580443E-08  0.00000000000000E+00      -6       5       9
  0.18990594125476E-08  0.00000000000000E+00      -5       5       9
 -0.43797571970344E-09  0.00000000000000E+00      -7       7       8
 -0.76778509298760E-09  0.00000000000000E+00      -7       6       9
 -0.79286197630168E-09  0.00000000000000E+00      -6       6       9
 -0.73912939551269E-09  0.00000000000000E+00      -8       8       8
 -0.62574394115069E-09  0.00000000000000E+00      -8       7       9
 -0.56718424225251E-09  0.00000000000000E+00      -7       7       9
  0.43211322210744E-09  0.00000000000000E+00      -8       8       9
  0.31610770626926E-10  0.00000000000000E+00      -9       9       9
 (2e22.14)
 -0.10747510318621E-01  0.00000000000000E+00 magnetization potential
 -0.36565443854033E-02  0.00000000000000E+00
  0.50043441500026E-03  0.00000000000000E+00
  0.22958966797795E-02  0.00000000000000E+00
  0.14009513319563E-02  0.00000000000000E+00
 -0.18025246335433E-03  0.00000000000000E+00
  0.52109264497525E-03  0.00000000000000E+00
 -0.52163939572368E-04  0.00000000000000E+00
 -0.59971516763553E-03  0.00000000000000E+00
 -0.32231570612415E-03  0.00000000000000E+00
 -0.17735383542213E-03  0.00000000000000E+00
 -0.19399186840422E-03  0.00000000000000E+00
 -0.83568211768967E-04  0.00000000000000E+00
 -0.62430489730214E-04  0.00000000000000E+00
 -0.35255032016029E-04  0.00000000000000E+00
 -0.29591461525334E-04  0.00000000000000E+00
  0.18870270830535E-04  0.00000000000000E+00
  0.12563951584837E-04  0.00000000000000E+00
  0.11814715827045E-04  0.00000000000000E+00
  0.22414706853304E-04  0.00000000000000E+00
  0.27302614647753E-04  0.00000000000000E+00
  0.14080513651428E-04  0.00000000000000E+00
  0.19786580150726E-04  0.00000000000000E+00
  0.14782919958544E-04  0.00000000000000E+00
  0.12497503205862E-04  0.00000000000000E+00
  0.72713611831142E-05  0.00000000000000E+00
  0.22946095387739E-05  0.00000000000000E+00
 -0.89224219525004E-06  0.00000000000000E+00
  0.43287830021876E-07  0.00000000000000E+00
 -0.89773818680999E-05  0.00000000000000E+00
 -0.16075957377283E-05  0.00000000000000E+00
 -0.21963308415732E-05  0.00000000000000E+00
 -0.41431539787792E-05  0.00000000000000E+00
 -0.38820028786769E-05  0.00000000000000E+00
 -0.29836431483311E-05  0.00000000000000E+00
 -0.70416820932389E-05  0.00000000000000E+00
 -0.36034583618408E-05  0.00000000000000E+00
 -0.45183274680129E-05  0.00000000000000E+00
 -0.22726914554534E-05  0.00000000000000E+00
 -0.17333562727833E-05  0.00000000000000E+00
 -0.92723008444652E-06  0.00000000000000E+00
 -0.26920329259882E-06  0.00000000000000E+00
 -0.64970906956075E-06  0.00000000000000E+00
  0.55802175275149E-07  0.00000000000000E+00
  0.44405766185504E-07  0.00000000000000E+00
  0.65784499631339E-06  0.00000000000000E+00
  0.30071091921115E-06  0.00000000000000E+00
  0.12772028816776E-05  0.00000000000000E+00
  0.53443304053409E-06  0.00000000000000E+00
  0.12983099950937E-05  0.00000000000000E+00
  0.76327207376526E-06  0.00000000000000E+00
  0.62118666018008E-06  0.00000000000000E+00
  0.51877181377867E-06  0.00000000000000E+00
  0.55764225896846E-06  0.00000000000000E+00
  0.10086951407935E-05  0.00000000000000E+00
  0.13082254719564E-05  0.00000000000000E+00
  0.59026380849492E-06  0.00000000000000E+00
  0.43678863962452E-06  0.00000000000000E+00
  0.67129613814804E-06  0.00000000000000E+00
  0.20551121781995E-06  0.00000000000000E+00
  0.25625693995642E-06  0.00000000000000E+00
  0.13445627796354E-06  0.00000000000000E+00
  0.22994726396647E-06  0.00000000000000E+00
  0.70623768368009E-07  0.00000000000000E+00
  0.12881789991505E-06  0.00000000000000E+00
 -0.30899100171377E-07  0.00000000000000E+00
 -0.79495212002484E-07  0.00000000000000E+00
 -0.93811996272670E-07  0.00000000000000E+00
 -0.10530009468081E-06  0.00000000000000E+00
 -0.14559784612343E-06  0.00000000000000E+00
 -0.72817342458834E-07  0.00000000000000E+00
 -0.89485690704586E-07  0.00000000000000E+00
 -0.51634021945032E-06  0.00000000000000E+00
 -0.47518495014279E-06  0.00000000000000E+00
 -0.11309049442365E-06  0.00000000000000E+00
 -0.12076450603942E-06  0.00000000000000E+00
 -0.41839613789056E-06  0.00000000000000E+00
 -0.15625108233075E-06  0.00000000000000E+00
 -0.12203736429537E-06  0.00000000000000E+00
 -0.10109372367440E-06  0.00000000000000E+00
 -0.21622165821336E-06  0.00000000000000E+00
 -0.11296342845778E-06  0.00000000000000E+00
 -0.92326026028829E-07  0.00000000000000E+00
 -0.18553639582468E-06  0.00000000000000E+00
 -0.61138041879592E-07  0.00000000000000E+00
 -0.59106220181136E-07  0.00000000000000E+00
 -0.47384574296591E-07  0.00000000000000E+00
 -0.43275129947338E-07  0.00000000000000E+00
 -0.71102877062884E-07  0.00000000000000E+00
 -0.31163242477433E-07  0.00000000000000E+00
 -0.41283719957200E-07  0.00000000000000E+00
 -0.24998422721421E-07  0.00000000000000E+00
  0.14478456627681E-08  0.00000000000000E+00
 -0.51648111895308E-08  0.00000000000000E+00
  0.16631301469396E-07  0.00000000000000E+00
  0.14784515280559E-07  0.00000000000000E+00
  0.66030961357661E-08  0.00000000000000E+00
  0.37019977812253E-07  0.00000000000000E+00
  0.11975882844707E-07  0.00000000000000E+00
  0.15296185970824E-07  0.00000000000000E+00
  0.39570144586385E-07  0.00000000000000E+00
  0.33809455778339E-07  0.00000000000000E+00
  0.17459715706442E-07  0.00000000000000E+00
  0.19167947981252E-07  0.00000000000000E+00
  0.35105246661697E-07  0.00000000000000E+00
  0.48950625599643E-07  0.00000000000000E+00
  0.21893890624694E-07  0.00000000000000E+00
  0.35278759740971E-07  0.00000000000000E+00
  0.20965305941355E-07  0.00000000000000E+00
  0.63498897832303E-07  0.00000000000000E+00
  0.21192830237632E-07  0.00000000000000E+00
  0.11007479863328E-07  0.00000000000000E+00
  0.18899244471753E-07  0.00000000000000E+00
  0.40186527460084E-07  0.00000000000000E+00
  0.26678003962760E-07  0.00000000000000E+00
  0.13041404869042E-07  0.00000000000000E+00
  0.75956213598206E-08  0.00000000000000E+00
  0.15173849937207E-07  0.00000000000000E+00
  0.91396890316462E-08  0.00000000000000E+00
  0.97991722200011E-09  0.00000000000000E+00
 -0.69378785963470E-09  0.00000000000000E+00
 -0.49681520819249E-08  0.00000000000000E+00
 -0.25872122330881E-08  0.00000000000000E+00
 -0.44493658798655E-08  0.00000000000000E+00
 -0.33890444208441E-08  0.00000000000000E+00
 -0.59703716659100E-08  0.00000000000000E+00
 -0.47180859392111E-08  0.00000000000000E+00
 -0.13863755167340E-07  0.00000000000000E+00
 -0.11878797620623E-07  0.00000000000000E+00
 -0.93057590267078E-08  0.00000000000000E+00
 -0.45539894710287E-08  0.00000000000000E+00
 -0.74495740209776E-08  0.00000000000000E+00
 -0.47755864796793E-08  0.00000000000000E+00
 -0.14013788419553E-08  0.00000000000000E+00
 -0.15838431913974E-08  0.00000000000000E+00
 -0.42646109020765E-09  0.00000000000000E+00
  0.39231005522214E-09  0.00000000000000E+00
  0.12802866952018E-08  0.00000000000000E+00
  0.15830552430850E-08  0.00000000000000E+00
  0.18239918936117E-08  0.00000000000000E+00
  0.21066428467872E-08  0.00000000000000E+00
  0.14321929513450E-08  0.00000000000000E+00
  0.89361973018293E-09  0.00000000000000E+00
 -0.59221482206770E-09  0.00000000000000E+00
 -0.59380882093508E-09  0.00000000000000E+00
 -0.56770134402829E-09  0.00000000000000E+00
 -0.83107267725468E-10  0.00000000000000E+00
  0.89341489270798E-10  0.00000000000000E+00
