# ACE/gr parameter file
#
@    version 50122
@    world xmin 0.25
@    world xmax 0.75
@    title font 5
@    xaxis  tick major 0.1
@    xaxis  tick minor 0.02
@    xaxis  label "(r-r\s1\N)/d"
@    xaxis  label font 5
@    xaxis  label char size 1.2
@    xaxis  ticklabel font 4
@    xaxis  ticklabel char size 1
@    yaxis  tick major .1
@    yaxis  tick minor .02
@    yaxis  label font 4
@    yaxis  label char size 1.2
@    yaxis  ticklabel font 5
@    yaxis  ticklabel char size 1
@    title "potential between neighbors"
@    yaxis  label "V(r) (Ry)"
@    world ymin -10.
@    world ymax   .0
@    yaxis  tick major 2
@    yaxis  tick minor 1
@ s0 color  1
@ s0 linestyle  1
@ legend string 0 "(1)-(1)"
@target s0
@type xy
  .1000000000 -34.44623406
  .1050000000 -31.35995103
  .1100000000 -28.62043461
  .1150000000 -26.17488159
  .1200000000 -23.98316987
  .1250000000 -22.01988616
  .1300000000 -20.24290545
  .1350000000 -18.64181878
  .1400000000 -17.18630278
  .1450000000 -15.87118452
  .1500000000 -14.66996755
  .1550000000 -13.57881584
  .1600000000 -12.58517110
  .1650000000 -11.67536874
  .1700000000 -10.84186754
  .1750000000 -10.07863647
  .1800000000 -9.381609926
  .1850000000 -8.740747054
  .1900000000 -8.150941703
  .1950000000 -7.607535333
  .2000000000 -7.106282208
  .2050000000 -6.643317876
  .2100000000 -6.215130167
  .2150000000 -5.818532172
  .2200000000 -5.450636801
  .2250000000 -5.108832658
  .2300000000 -4.791609974
  .2350000000 -4.497797697
  .2400000000 -4.223742561
  .2450000000 -3.967672012
  .2500000000 -3.727994341
  .2550000000 -3.503280528
  .2600000000 -3.294419383
  .2650000000 -3.099376234
  .2700000000 -2.915685583
  .2750000000 -2.742407155
  .2800000000 -2.581052477
  .2850000000 -2.429816965
  .2900000000 -2.286509555
  .2950000000 -2.151578424
  .3000000000 -2.026162027
  .3050000000 -1.906787042
  .3100000000 -1.794160707
  .3150000000 -1.689414470
  .3200000000 -1.589270679
  .3250000000 -1.495605419
  .3300000000 -1.407510925
  .3350000000 -1.322912229
  .3400000000 -1.245478655
  .3450000000 -1.170872152
  .3500000000 -1.101192434
  .3550000000 -1.035457992
  .3600000000 -.9729023875
  .3650000000 -.9150559194
  .3700000000 -.8590610566
  .3750000000 -.8082375820
  .3800000000 -.7586493980
  .3850000000 -.7137394187
  .3900000000 -.6700663678
  .3950000000 -.6304457864
  .4000000000 -.5920661431
  .4050000000 -.5573749663
  .4100000000 -.5237419844
  .4150000000 -.4936671314
  .4200000000 -.4642992659
  .4250000000 -.4385734496
  .4300000000 -.4131485270
  .4350000000 -.3914456211
  .4400000000 -.3700937836
  .4450000000 -.3517252711
  .4500000000 -.3342745760
  .4550000000 -.3189327297
  .4600000000 -.3052567610
  .4650000000 -.2926547856
  .4700000000 -.2826739811
  .4750000000 -.2727987954
  .4800000000 -.2704280208
  .4850000000 -.2650703894
  .4900000000 -.2612525533
  .4950000000 -.2589654763
  .5000000000 -.2582037222
  .5050000000 -.2589654763
  .5100000000 -.2612525533
  .5150000000 -.2650703894
  .5200000000 -.2704280208
  .5250000000 -.2727987954
  .5300000000 -.2826739811
  .5350000000 -.2926547856
  .5400000000 -.3052567610
  .5450000000 -.3189327297
  .5500000000 -.3342745760
  .5550000000 -.3517252711
  .5600000000 -.3700937836
  .5650000000 -.3914456211
  .5700000000 -.4131485270
  .5750000000 -.4385734496
  .5800000000 -.4642992659
  .5850000000 -.4936671314
  .5900000000 -.5237419844
  .5950000000 -.5573749663
  .6000000000 -.5920661431
  .6050000000 -.6304457864
  .6100000000 -.6700663678
  .6150000000 -.7137394187
  .6200000000 -.7586493980
  .6250000000 -.8082375820
  .6300000000 -.8590610566
  .6350000000 -.9150559194
  .6400000000 -.9729023875
  .6450000000 -1.035457992
  .6500000000 -1.101192434
  .6550000000 -1.170872152
  .6600000000 -1.245478655
  .6650000000 -1.322912229
  .6700000000 -1.407510925
  .6750000000 -1.495605419
  .6800000000 -1.589270679
  .6850000000 -1.689414470
  .6900000000 -1.794160707
  .6950000000 -1.906787042
  .7000000000 -2.026162027
  .7050000000 -2.151578424
  .7100000000 -2.286509555
  .7150000000 -2.429816965
  .7200000000 -2.581052477
  .7250000000 -2.742407155
  .7300000000 -2.915685583
  .7350000000 -3.099376234
  .7400000000 -3.294419383
  .7450000000 -3.503280528
  .7500000000 -3.727994341
  .7550000000 -3.967672012
  .7600000000 -4.223742561
  .7650000000 -4.497797697
  .7700000000 -4.791609974
  .7750000000 -5.108832658
  .7800000000 -5.450636801
  .7850000000 -5.818532172
  .7900000000 -6.215130167
  .7950000000 -6.643317876
  .8000000000 -7.106282208
  .8050000000 -7.607535333
  .8100000000 -8.150941703
  .8150000000 -8.740747054
  .8200000000 -9.381609926
  .8250000000 -10.07863647
  .8300000000 -10.84186754
  .8350000000 -11.67536874
  .8400000000 -12.58517110
  .8450000000 -13.57881584
  .8500000000 -14.66996755
  .8550000000 -15.87118452
  .8600000000 -17.18630278
  .8650000000 -18.64181878
  .8700000000 -20.24290545
  .8750000000 -22.01988616
  .8800000000 -23.98316987
  .8850000000 -26.17488159
  .8900000000 -28.62043461
  .8950000000 -31.35995103
&
@ s1 color  1
@ s1 linestyle  1
@target s1
@type xy
  .4753856227 -10.000
  .4753856227  10.000
  .5246143772  10.000
  .5246143772 -10.000
&
