# ACE/gr parameter file
#
@    version 50122
@    world xmin 0.25
@    world xmax 0.75
@    title font 5
@    xaxis  tick major 0.1
@    xaxis  tick minor 0.02
@    xaxis  label "(r-r\s1\N)/d"
@    xaxis  label font 5
@    xaxis  label char size 1.2
@    xaxis  ticklabel font 4
@    xaxis  ticklabel char size 1
@    yaxis  tick major .1
@    yaxis  tick minor .02
@    yaxis  label font 4
@    yaxis  label char size 1.2
@    yaxis  ticklabel font 5
@    yaxis  ticklabel char size 1
@    title "potential between neighbors"
@    yaxis  label "V(r) (Ry)"
@    world ymin -10.
@    world ymax   .0
@    yaxis  tick major 2
@    yaxis  tick minor 1
@ s0 color  1
@ s0 linestyle  1
@ legend string 0 "(1)-(1)"
@target s0
@type xy
  .1000000000 -110.8854884
  .1050000000 -105.6109004
  .1100000000 -100.8144740
  .1150000000 -96.43197300
  .1200000000 -92.41275579
  .1250000000 -88.72296809
  .1300000000 -85.30842387
  .1350000000 -82.15280631
  .1400000000 -79.21625723
  .1450000000 -76.48930229
  .1500000000 -73.93741779
  .1550000000 -71.55348489
  .1600000000 -69.32034167
  .1650000000 -67.21978377
  .1700000000 -65.24115968
  .1750000000 -63.37586239
  .1800000000 -61.61791229
  .1850000000 -59.95410460
  .1900000000 -58.37733376
  .1950000000 -56.88111527
  .2000000000 -55.45952289
  .2050000000 -54.10713341
  .2100000000 -52.81897783
  .2150000000 -51.59049802
  .2200000000 -50.41750831
  .2250000000 -49.29616120
  .2300000000 -48.22417527
  .2350000000 -47.19983726
  .2400000000 -46.21765172
  .2450000000 -45.27479564
  .2500000000 -44.36866452
  .2550000000 -43.49685396
  .2600000000 -42.66079144
  .2650000000 -41.85718181
  .2700000000 -41.08177325
  .2750000000 -40.33278105
  .2800000000 -39.61281071
  .2850000000 -38.91870019
  .2900000000 -38.24635150
  .2950000000 -37.59644271
  .3000000000 -36.97113266
  .3050000000 -36.36376046
  .3100000000 -35.77552292
  .3150000000 -35.20862833
  .3200000000 -34.65652217
  .3250000000 -34.12281982
  .3300000000 -33.60567984
  .3350000000 -33.10072825
  .3400000000 -32.61545821
  .3450000000 -32.14082464
  .3500000000 -31.68108768
  .3550000000 -31.23414417
  .3600000000 -30.79824454
  .3650000000 -30.37661246
  .3700000000 -29.96300182
  .3750000000 -29.56452474
  .3800000000 -29.17255028
  .3850000000 -28.79450568
  .3900000000 -28.42278308
  .3950000000 -28.06347418
  .4000000000 -27.71031809
  .4050000000 -27.36861251
  .4100000000 -27.03248612
  .4150000000 -26.70733924
  .4200000000 -26.38683941
  .4250000000 -26.07728567
  .4300000000 -25.77135252
  .4350000000 -25.47627526
  .4400000000 -25.18479036
  .4450000000 -24.90230561
  .4500000000 -24.62446013
  .4550000000 -24.35353256
  .4600000000 -24.08857470
  .4650000000 -23.82825606
  .4700000000 -23.57548625
  .4750000000 -23.32539130
  .4800000000 -.0022264929
  .4850000000 -.0020069373
  .4900000000 -.0018499501
  .4950000000 -.0017556981
  .5000000000 -.0017242713
  .5050000000 -.0017556981
  .5100000000 -.0018499501
  .5150000000 -.0020069373
  .5200000000 -.0022264929
  .5250000000 -23.32539130
  .5300000000 -23.57548625
  .5350000000 -23.82825606
  .5400000000 -24.08857470
  .5450000000 -24.35353256
  .5500000000 -24.62446013
  .5550000000 -24.90230561
  .5600000000 -25.18479036
  .5650000000 -25.47627526
  .5700000000 -25.77135252
  .5750000000 -26.07728567
  .5800000000 -26.38683941
  .5850000000 -26.70733924
  .5900000000 -27.03248612
  .5950000000 -27.36861251
  .6000000000 -27.71031809
  .6050000000 -28.06347418
  .6100000000 -28.42278308
  .6150000000 -28.79450568
  .6200000000 -29.17255028
  .6250000000 -29.56452474
  .6300000000 -29.96300182
  .6350000000 -30.37661246
  .6400000000 -30.79824454
  .6450000000 -31.23414417
  .6500000000 -31.68108768
  .6550000000 -32.14082464
  .6600000000 -32.61545821
  .6650000000 -33.10072825
  .6700000000 -33.60567984
  .6750000000 -34.12281982
  .6800000000 -34.65652217
  .6850000000 -35.20862833
  .6900000000 -35.77552292
  .6950000000 -36.36376046
  .7000000000 -36.97113266
  .7050000000 -37.59644271
  .7100000000 -38.24635150
  .7150000000 -38.91870019
  .7200000000 -39.61281071
  .7250000000 -40.33278105
  .7300000000 -41.08177325
  .7350000000 -41.85718181
  .7400000000 -42.66079144
  .7450000000 -43.49685396
  .7500000000 -44.36866452
  .7550000000 -45.27479564
  .7600000000 -46.21765172
  .7650000000 -47.19983726
  .7700000000 -48.22417527
  .7750000000 -49.29616120
  .7800000000 -50.41750831
  .7850000000 -51.59049802
  .7900000000 -52.81897783
  .7950000000 -54.10713341
  .8000000000 -55.45952289
  .8050000000 -56.88111527
  .8100000000 -58.37733376
  .8150000000 -59.95410460
  .8200000000 -61.61791229
  .8250000000 -63.37586239
  .8300000000 -65.24115968
  .8350000000 -67.21978377
  .8400000000 -69.32034167
  .8450000000 -71.55348489
  .8500000000 -73.93741779
  .8550000000 -76.48930229
  .8600000000 -79.21625723
  .8650000000 -82.15280631
  .8700000000 -85.30842387
  .8750000000 -88.72296809
  .8800000000 -92.41275579
  .8850000000 -96.43197300
  .8900000000 -100.8144740
  .8950000000 -105.6109004
&
@ s1 color  1
@ s1 linestyle  1
@target s1
@type xy
  .4753856227 -10.000
  .4753856227  10.000
  .5246143772  10.000
  .5246143772 -10.000
&
